1	1104	100	728	396
2	2360	179	294	807
3	2858	279	281	777
4	3157	120	281	785
5	3297	319	275	792
6	3775	159	318	769
7	4772	140	323	214
8	5211	100	77	208
9	5450	120	87	213
10	5909	159	307	216
11	6108	140	280	217
12	6287	160	286	219
13	6846	100	213	858
14	8540	100	1214	783
15	8780	199	1248	794
16	9956	100	405	614
17	10076	100	373	633
18	10235	120	472	624
19	10534	139	253	638
20	11033	100	245	627
21	11671	119	233	606
22	12448	120	266	760
23	12588	100	250	763
24	12787	120	249	750
25	12927	120	283	756
26	13525	159	246	678
27	13824	179	252	690
28	14442	100	954	1017
29	15678	100	342	1089
30	16954	160	258	662
31	17433	100	185	651
32	18728	279	365	616
33	19346	140	165	635
34	19865	179	185	356
35	20184	120	307	191
36	21041	120	367	167
37	21739	100	90	222
38	22058	100	95	209
39	22417	179	207	589
40	22676	120	188	627
41	24809	100	1138	810
42	25009	120	1139	811
43	25208	120	1140	821
44	25926	100	1195	878
45	26045	100	1179	884
46	26325	120	1221	886
47	28099	120	1013	668
48	28338	100	1032	666
49	29196	100	993	651
50	29694	120	958	644
51	30053	120	949	717
52	30212	100	987	759
53	30990	319	1009	774
54	32027	139	194	649
55	32705	199	248	684
56	33083	120	212	711
57	33582	100	249	721
58	34280	100	256	730
59	35296	279	939	664
60	36074	180	940	640
61	36274	140	932	660
62	36473	120	954	646
63	36612	119	934	649
64	37290	359	979	645
65	37689	160	987	641
66	37988	199	981	646
67	38287	159	976	647
68	39164	160	925	663
69	39463	120	972	673
70	39862	120	950	651
71	40680	139	1060	675
72	41377	100	990	576
73	41497	120	1023	600
74	43810	100	1043	670
75	44149	140	1066	683
76	44527	140	188	655
77	46342	140	1071	663
78	46541	100	1081	677
79	47000	100	329	204
80	48156	160	1047	674
81	48336	100	1069	683
82	48595	379	217	650
83	49392	179	1007	601
84	49592	180	1005	593
85	49791	319	1013	595
86	50290	100	1008	616
87	50409	119	1034	662
88	50888	399	1023	693
89	51546	100	1027	697
90	51904	160	1017	743
91	52104	100	1004	767
92	52223	140	1024	749
93	52582	439	1009	748
94	53240	120	950	717
95	54117	140	892	776
96	54317	179	984	776
97	54576	100	975	774
98	54756	219	979	794
99	55074	200	915	809
100	55294	120	907	810
101	55972	120	1043	768
102	56610	199	1064	778
103	56969	140	1088	816
104	57407	140	1118	736
105	58803	100	1252	719
106	59082	160	1252	710
107	59481	120	300	647
108	59700	279	335	666
109	60498	140	331	659
110	60657	279	326	661
111	61056	159	272	620
112	61454	120	377	829
113	61953	100	362	1069
114	62332	100	294	738
115	62711	179	245	708
116	63129	100	241	697
117	63269	140	251	708
118	63707	120	242	700
119	63947	140	247	706
120	66937	199	156	588
121	67256	120	133	605
122	70008	140	211	604
123	70406	120	267	187
124	71762	259	1032	593
125	72340	180	985	620
126	72599	120	1051	692
127	73557	259	193	647
128	74234	140	288	205
129	74533	199	70	200
130	75291	100	175	636
131	75909	120	303	194
132	76208	120	484	209
133	76567	120	532	182
134	76906	100	692	202
135	77464	159	667	210
136	77703	160	676	211
137	78541	179	595	252
138	79299	120	498	208
139	79458	120	201	605
140	80315	100	935	742
141	80435	120	942	727
142	80734	120	1009	592
143	81352	199	1015	683
144	81671	100	1075	676
145	81910	179	1070	671
146	82429	179	321	215
147	82927	120	94	204
148	83306	140	185	654
149	83605	120	148	613
150	83944	179	241	569
151	84143	100	276	576
152	84422	100	105	593
153	85997	259	259	726
154	86297	219	261	733
155	86855	319	223	802
156	87214	120	260	784
157	87353	140	337	794
158	87652	259	253	706
159	88689	120	297	710
160	89048	100	295	701
161	89427	100	305	692
162	89686	100	267	648
163	89806	159	256	636
164	90105	100	247	630
165	90424	160	330	742
166	91201	139	337	617
167	91919	159	275	229
168	95408	179	254	723
169	95946	179	233	699
170	96186	159	261	698
171	96485	100	253	712
172	96684	180	353	685
173	97282	179	340	747
174	97621	100	261	684
175	98100	100	363	627
176	98379	120	342	632
177	99037	100	360	649
178	99176	159	349	669
179	99435	120	359	671
180	100173	339	214	574
181	101429	120	141	613
182	102007	140	166	625
183	102805	100	124	557
184	103861	100	117	689
185	104161	140	245	605
186	104579	179	165	507
187	105018	180	187	602
188	105277	100	133	570
189	105755	100	132	543
190	106015	120	137	515
191	106553	120	179	550
192	106932	139	169	537
193	107849	119	161	600
194	108048	100	193	645
195	108547	120	356	531
196	108686	140	315	523
197	109803	120	356	531
198	110740	140	287	516
199	112096	160	341	572
200	112534	160	316	508
201	113132	179	85	204
202	115226	120	351	525
203	115924	100	369	544
204	116622	100	184	630
205	116781	100	175	620
206	116921	139	159	627
207	117579	120	223	636
208	118516	120	173	665
209	118675	120	179	691
210	119094	120	107	630
211	119373	120	161	734
212	119552	139	170	726
213	120131	159	379	514
214	121207	100	410	480
215	121765	219	369	559
216	122403	100	155	565
217	124397	179	331	504
218	124596	160	276	516
219	125554	140	405	505
220	126132	179	286	612
221	126331	100	320	642
222	127448	120	342	558
223	127587	120	357	575
224	127806	159	124	234
225	128404	219	296	198
226	129641	219	79	553
227	129880	100	60	704
228	130000	100	88	696
229	130538	140	74	696
230	130697	120	87	702
231	130917	160	127	731
232	131096	160	112	734
233	131614	199	128	730
234	132033	160	146	605
235	132312	199	191	738
236	132711	199	149	773
237	132930	140	195	783
238	133688	120	255	730
239	134186	179	230	783
240	134565	120	276	686
241	135383	259	310	637
242	135662	120	282	703
243	136559	180	346	766
244	137416	120	193	723
245	137556	100	225	748
246	137755	100	257	742
247	137875	100	258	732
248	138433	100	88	684
249	138872	179	105	543
250	139071	160	162	548
251	139271	120	157	542
252	140407	120	38	622
253	141264	100	119	629
254	141444	100	145	631
255	141942	199	45	650
256	142680	160	53	680
257	142979	140	42	717
258	144036	199	99	552
259	144255	100	94	544
260	144594	160	79	560
261	146328	199	91	662
262	146747	100	141	649
263	146887	120	150	646
264	147325	140	187	638
265	147724	100	210	771
266	148422	100	197	742
267	149060	140	258	696
268	149319	239	58	688
269	149758	379	72	704
270	150256	160	196	733
271	150435	279	246	737
272	150794	199	146	726
273	151113	199	226	733
274	151452	100	203	787
275	151711	120	234	773
276	151851	160	237	731
277	152270	100	239	715
278	153067	160	327	798
279	153406	120	239	804
280	153625	459	314	805
281	154443	179	299	815
282	154662	359	310	811
283	155041	399	330	756
284	155500	179	379	756
285	156297	180	319	588
286	156915	120	213	692
287	157055	140	229	691
288	157214	179	235	686
289	157852	119	318	690
290	157992	100	336	692
291	158391	120	329	602
292	159128	180	325	572
293	160424	100	98	203
294	160623	100	100	191
295	160903	100	74	198
296	162139	199	122	515
297	163355	120	140	612
298	163495	100	139	616
299	163853	179	112	612
300	164531	139	167	627
301	164790	140	196	636
302	165010	120	192	647
303	165289	199	196	646
304	166027	100	295	624
305	166345	219	326	637
306	166585	100	269	621
307	166904	239	318	640
308	167342	180	365	660
309	167602	120	341	656
310	167741	100	341	653
311	168977	100	389	528
312	169954	100	496	439
313	170393	140	228	637
314	172048	199	412	627
315	173384	140	342	697
316	173543	179	314	671
317	173742	140	303	632
318	174002	120	310	636
319	174141	100	261	694
320	174580	259	294	612
321	174939	100	300	597
322	175058	319	289	619
323	175397	120	268	574
324	177471	140	224	605
325	177730	100	226	590
326	178268	140	212	601
327	179026	120	407	681
328	179165	160	401	685
329	179385	159	404	689
330	179763	199	405	692
331	180342	199	382	676
332	180661	159	337	714
333	181418	100	1022	661
334	181678	139	1044	687
335	181857	140	933	722
336	182335	160	309	210
337	183332	180	937	736
338	183751	100	1110	767
339	183891	100	1110	752
340	184050	179	1243	794
341	184828	120	1139	722
342	185067	100	1082	774
343	185246	100	1078	786
344	185426	179	962	726
345	185884	120	1094	728
346	186283	179	930	722
347	186821	319	964	780
348	187459	120	937	724
349	187719	518	1139	736
350	188297	179	1078	767
351	188536	180	924	738
352	188735	180	993	789
353	189234	100	926	725
354	189493	120	923	725
355	189633	100	945	713
356	190031	100	863	765
357	190390	140	954	759
358	190789	100	941	801
359	191028	140	1026	733
360	191248	219	1049	760
361	191626	199	1024	796
362	191846	140	978	824
363	192125	199	983	829
364	192603	120	926	629
365	193122	140	973	692
366	193381	100	935	729
367	193500	100	967	700
368	193640	219	928	710
369	194138	239	928	722
370	194477	140	972	693
371	194637	139	965	691
372	194816	100	986	602
373	195813	100	1022	675
374	196172	140	1059	765
375	196910	100	1139	718
376	197249	239	1237	716
377	198046	179	1154	712
378	198285	199	1017	690
379	198584	239	1027	699
380	199043	120	1136	665
381	199482	180	1144	651
382	200020	100	1126	634
383	200239	120	887	703
384	200718	140	907	660
385	200897	199	933	714
386	201416	100	978	728
387	201774	120	949	789
388	202093	179	867	823
389	202692	160	94	199
390	203589	100	302	246
391	203709	100	286	213
392	203988	180	511	234
393	204307	180	513	197
394	204685	139	673	208
395	204885	119	656	210
396	206181	140	584	247
397	206480	100	514	227
398	207178	139	94	216
399	207477	120	83	239
400	207796	100	517	219
401	208134	140	271	224
402	208573	100	74	205
403	208693	120	123	251
404	209191	100	60	216
405	210348	120	387	645
406	211045	140	121	575
407	211484	100	267	715
408	211624	120	253	711
409	212780	219	267	547
410	213019	120	221	549
411	213378	120	170	540
412	213657	160	259	554
413	214156	120	261	556
414	215053	100	247	694
415	215173	100	236	703
416	216030	219	359	735
417	216428	140	391	694
418	216588	179	416	673
419	217067	140	466	665
420	217625	140	264	550
421	218123	120	279	544
422	218622	120	377	599
423	218981	120	394	685
424	219220	279	382	678
425	219579	219	298	617
426	219858	160	311	614
427	220217	120	370	614
428	220536	219	383	622
429	220835	259	383	637
430	221453	140	390	599
431	221911	100	378	614
432	222210	100	243	647
433	222809	219	213	663
434	223048	160	225	674
435	224164	120	208	642
436	224503	100	246	673
437	224643	279	241	683
438	224942	140	317	711
439	225420	159	241	659
440	225759	140	176	701
441	226138	100	166	653
442	226517	100	162	635
443	226696	179	172	572
444	227195	299	313	658
445	227693	239	335	741
446	228152	219	332	744
447	228391	199	306	748
448	228630	139	320	752
449	228830	179	305	741
450	229029	140	309	766
451	230006	120	351	686
452	232179	100	454	697
453	232319	239	443	701
454	232777	319	433	697
455	233375	100	440	662
456	233495	100	426	688
457	233814	100	372	670
458	234392	160	328	756
459	234572	140	351	762
460	234731	339	391	782
461	235090	259	338	773
462	235489	199	170	682
463	235708	160	186	701
464	236187	120	142	624
465	236366	120	215	527
466	236785	100	403	770
467	236984	359	318	762
468	237363	199	318	770
469	237662	100	312	767
470	237981	179	252	772
471	238260	140	252	762
472	238878	279	295	766
473	239357	439	325	785
474	240214	199	240	750
475	240433	100	243	741
476	240912	120	277	750
477	243165	120	946	842
478	243504	100	889	628
479	243922	100	854	761
480	244162	239	899	736
481	244421	100	908	739
482	244800	100	1046	726
483	245198	140	997	789
484	246235	139	833	736
485	246833	119	991	712
486	249006	180	927	768
487	249206	239	924	790
488	249804	319	933	797
489	250263	139	847	750
490	250462	120	880	740
491	251299	120	807	723
492	252535	140	329	773
493	252695	120	254	817
494	252854	179	256	803
495	253173	140	265	819
496	254090	319	373	783
497	254549	160	437	768
498	254828	199	489	773
499	255725	299	508	766
500	256543	100	556	758
501	256822	199	244	815
502	258217	120	519	225
503	259434	179	567	253
504	259812	140	571	243
505	261128	120	298	213
506	262464	120	141	270
507	278354	179	310	498
508	278813	120	337	495
509	279431	159	305	458
510	280886	120	319	472
511	281504	100	364	485
512	281863	120	319	477
513	290536	120	119	605
514	291055	100	62	550
515	291692	140	132	657
516	298491	239	97	251
517	299229	100	204	669
518	299688	100	309	691
519	299847	120	300	677
520	301223	140	765	953
521	301821	139	423	774
522	301980	219	469	779
523	302240	120	458	771
524	302718	100	166	743
525	302838	120	173	756
526	303675	180	215	743
527	304173	120	336	628
528	304333	120	349	635
529	305729	279	217	509
530	306227	140	293	502
531	306626	100	197	408
532	307025	100	194	531
533	308221	180	177	539
534	308659	140	103	234
535	308899	140	127	249
536	310753	160	214	538
537	311072	120	136	585
538	311630	100	108	529
539	311909	100	73	550
540	312607	100	165	505
541	313744	100	271	464
542	314042	140	366	452
543	314421	100	331	460
544	315996	100	163	506
545	316196	100	138	504
546	316595	100	295	491
547	316714	120	311	489
548	318648	120	347	518
549	318808	100	338	494
550	319186	100	338	520
551	319386	179	346	525
552	319585	100	340	534
553	319725	100	335	518
554	320303	120	324	526
555	320582	100	366	574
556	320722	140	374	564
557	320921	100	342	563
558	321280	180	411	596
559	321758	140	387	650
560	323333	120	396	658
561	323971	100	303	243
562	324270	100	297	254
563	324490	100	370	636
564	324709	140	391	638
565	324868	100	341	621
566	326005	140	327	540
567	327381	159	957	763
568	327580	100	945	780
569	327700	100	958	790
570	327879	199	904	835
571	328118	219	907	816
572	328397	159	816	740
573	329534	120	966	752
574	329893	140	982	771
575	330391	160	955	788
576	330650	219	959	802
577	330890	239	954	793
578	331149	219	954	790
579	331448	100	977	766
580	332106	259	1036	845
581	332664	159	869	729
582	332943	100	840	734
583	334060	100	934	799
584	334379	100	944	809
585	334538	100	930	810
586	334698	179	913	839
587	335974	100	991	721
588	336173	139	1010	717
589	336372	239	851	742
590	336652	219	819	723
591	338167	100	845	613
592	338566	140	840	611
593	339323	199	996	635
594	339543	180	1002	653
595	339862	100	1015	677
596	340161	100	917	701
597	341337	159	1041	588
598	341935	160	1009	623
599	342114	498	995	621
600	342732	120	1012	600
601	342912	100	1015	637
602	343052	239	1018	638
603	344607	100	999	630
604	345145	100	1026	641
605	345265	140	1041	628
606	345683	100	1036	696
607	345863	180	1128	695
608	346401	179	1004	734
609	346700	120	1085	719
610	346959	120	1081	670
611	347258	100	1159	702
612	347817	160	848	600
613	348634	140	1008	602
614	348794	120	854	611
615	349093	100	836	610
616	349511	179	1075	695
617	349810	259	1111	724
618	350089	180	1114	719
619	350289	379	1105	733
620	350747	160	1101	713
621	350987	199	1112	718
622	351684	279	876	640
623	352043	139	1050	685
624	352283	100	1158	734
625	352482	140	1221	756
626	352940	120	1229	680
627	353279	100	1161	816
628	353519	100	924	728
629	353937	160	823	737
630	354416	100	824	730
631	354775	179	924	804
632	354974	219	958	786
633	355273	140	957	801
634	355473	180	986	783
635	355672	319	964	786
636	356071	140	958	778
637	356270	100	960	775
638	356410	179	1037	862
639	356689	120	1076	832
640	357068	120	1004	896
641	357267	140	1091	822
642	357427	119	1123	805
643	358104	100	995	881
644	358284	159	1058	857
645	358862	160	1034	867
646	359061	180	1017	866
647	359261	199	1054	863
648	359480	219	1041	858
649	359879	179	1105	875
650	360078	120	1108	870
651	362072	120	949	807
652	362291	159	971	787
653	362471	199	957	778
654	362989	160	951	778
655	364385	179	994	794
656	364584	219	1012	789
657	365122	140	1024	791
658	365481	100	530	449
659	367016	100	490	453
660	368213	100	367	656
661	368332	120	400	660
662	368611	140	328	645
663	368930	339	397	667
664	369409	179	389	655
665	369608	160	405	656
666	370306	139	299	714
667	370565	100	362	634
668	370884	100	359	632
669	371682	100	352	610
670	372021	120	445	689
671	372180	160	472	685
672	372360	120	386	739
673	372559	100	365	744
674	372998	100	475	692
675	373237	120	332	668
676	373915	119	588	672
677	374313	120	416	739
678	374772	120	386	650
679	376148	100	860	763
680	377045	100	897	746
681	377165	199	930	740
682	378341	239	947	804
683	378780	179	1049	682
684	379657	120	1129	736
685	379796	160	1130	729
686	383026	100	1104	701
687	383305	100	1067	689
688	383425	100	1072	697
689	383804	159	1053	711
690	384422	179	1116	722
691	384920	160	1104	817
692	385957	160	1111	712
693	386137	139	1092	716
694	386316	120	1091	720
695	386655	219	1152	711
696	386894	120	1148	701
697	387093	120	1122	710
698	387472	160	1088	713
699	387851	199	1099	698
700	388549	219	1105	699
701	388848	140	1089	665
702	389008	140	1064	696
703	389506	100	1065	716
704	391121	179	1128	498
705	391440	140	1097	699
706	391599	439	1098	721
707	392078	219	1075	729
708	394251	120	1122	716
709	394889	120	1065	733
710	395647	100	1048	733
711	396663	159	1112	862
712	396963	100	1073	868
713	397142	140	1054	867
714	397900	120	1092	735
715	398358	120	861	391
716	399774	100	1106	752
717	400830	120	1197	797
718	401468	179	1111	831
719	401728	100	1146	830
720	402047	140	1187	766
721	402585	159	1087	744
722	403442	159	1161	702
723	403662	239	1198	714
724	404419	199	1141	695
725	405795	159	1238	764
726	407170	100	1042	621
727	408726	100	820	607
728	411457	100	1015	644
729	412833	120	848	710
730	413710	100	901	732
731	414348	100	879	621
732	414687	100	888	646
733	415484	100	76	215
734	416461	100	293	266
735	426191	100	1194	686
736	433468	179	957	667
737	434226	140	983	730
738	435661	140	945	811
739	436499	100	908	819
740	437914	100	1104	852
741	439090	120	813	713
742	439230	140	837	722
743	441423	160	1172	850
744	441682	100	1199	933
745	443596	140	924	826
746	443796	160	848	745
747	444015	160	858	735
748	444194	139	883	742
749	444354	120	840	752
750	444553	120	935	758
751	445012	219	957	730
752	445570	120	896	716
753	445710	179	901	738
754	446547	120	852	757
755	446906	120	852	803
756	447205	180	825	837
757	447604	160	888	814
758	447883	100	901	829
759	448242	100	923	790
760	448680	160	937	737
761	448939	219	813	714
762	449358	100	814	730
763	449498	139	862	716
764	450614	120	924	651
765	452468	100	951	592
766	453206	120	1008	509
767	453505	120	997	527
768	453645	180	998	571
769	454303	120	949	588
770	455040	100	1133	557
771	455898	179	1172	557
772	456097	140	1240	553
773	456476	100	1135	558
774	456795	160	1133	572
775	457353	100	1149	613
776	457553	179	1228	673
777	457772	140	1208	669
778	457951	120	1210	676
779	458270	180	1137	569
780	458729	140	1088	445
781	459247	100	1105	570
782	461899	160	852	683
783	463972	120	1015	590
784	464272	120	1090	582
785	464431	120	1100	594
786	464570	100	1066	594
787	464690	100	1089	573
788	465468	140	1174	626
789	465767	120	1166	640
790	466325	159	1113	693
791	466504	159	1111	692
792	466684	259	1095	692
793	467182	179	1131	690
794	467382	160	1117	685
795	467900	160	1055	693
796	468080	120	1059	686
797	468678	100	1034	545
798	469296	160	1033	506
799	470851	100	1033	617
800	471250	100	1153	626
801	472725	100	1156	692
802	473024	120	1110	715
803	473164	120	1129	692
804	473383	120	1034	526
805	473602	140	1019	506
806	474320	179	1121	697
807	474599	140	1143	693
808	475018	120	1099	672
809	475297	219	1151	686
810	475596	140	1084	548
811	476134	100	1162	680
812	476354	120	1147	693
813	476493	140	1164	677
814	476692	180	1212	665
815	476992	139	1176	665
816	477151	120	1202	653
817	477530	100	1218	661
818	478427	100	959	600
819	478646	160	964	595
820	479384	120	996	687
821	479544	120	997	675
822	479703	100	948	719
823	479922	179	946	710
824	480281	100	941	698
825	480441	219	971	700
826	481019	199	926	725
827	481238	279	923	720
828	481816	159	931	785
829	481996	459	951	794
830	482574	140	1078	720
831	482734	160	1083	723
832	483072	140	1083	722
833	483292	159	909	706
834	483471	120	1031	759
835	483671	100	1041	758
836	483810	159	1023	757
837	484329	140	1039	763
838	484488	100	1086	734
839	484628	239	1073	744
840	485166	120	1008	856
841	485305	140	1008	857
842	486322	179	933	678
843	486621	160	972	689
844	486980	100	890	734
845	487200	259	831	785
846	487519	120	788	767
847	487658	140	785	770
848	488077	119	834	800
849	488476	199	892	864
850	488795	120	893	872
851	488954	100	871	881
852	489114	120	863	868
853	489353	120	906	870
854	489592	100	818	792
855	490170	120	938	684
856	490449	180	947	788
857	491107	120	902	784
858	491705	179	939	786
859	491905	179	926	778
860	492144	159	945	804
861	492423	180	943	800
862	492622	100	994	810
863	492942	140	977	777
864	493101	120	952	773
865	493241	299	994	761
866	493600	140	945	771
867	494317	100	1006	774
868	494596	140	1093	762
869	494915	100	1053	818
870	495055	120	1072	806
871	495633	100	966	762
872	495793	179	988	742
873	495992	120	957	779
874	496291	120	980	782
875	496690	120	969	800
876	496989	120	977	793
877	497607	199	955	804
878	502412	100	1028	901
879	504346	159	1232	848
880	507017	100	912	882
881	508632	180	884	882
882	508971	100	864	892
883	509430	160	899	891
884	510168	120	992	900
885	511424	140	990	955
886	511982	100	879	886
887	513677	179	884	890
888	514693	100	995	911
889	518063	159	881	859
890	518302	120	860	859
891	520615	120	1153	677
892	521313	120	1233	819
893	521572	299	989	786
894	521891	100	996	787
895	523067	100	302	246
896	524323	100	99	234
897	525101	100	550	786
898	525220	100	536	835
899	525340	179	564	797
900	525818	140	873	715
901	525978	159	865	708
902	526656	179	993	780
903	527154	179	1191	695
904	527354	179	1179	675
905	527752	199	1148	674
906	528251	219	1233	667
907	528610	120	1167	599
908	529068	100	1166	711
909	529467	259	1046	795
910	529786	279	959	851
911	530643	319	925	818
912	531002	119	912	836
913	531860	100	977	865
914	532039	120	985	866
915	532258	239	1010	881
916	532717	120	935	858
917	534930	120	1113	848
918	535568	100	1091	942
919	536266	180	915	914
920	537960	100	1093	592
921	538279	160	1017	508
922	538878	120	1107	455
923	540054	100	866	507
924	540792	140	313	204
925	541788	100	113	254
926	542107	100	735	398
927	542925	139	903	505
928	544181	120	933	656
929	544360	100	961	658
930	544659	179	1008	644
931	545417	120	966	630
932	546414	239	985	759
933	546912	100	1114	878
934	547251	139	1198	858
935	547510	100	1116	868
936	548208	179	928	616
937	548527	120	920	630
938	548966	120	994	531
939	549225	219	990	496
940	549823	199	932	620
941	550162	120	899	514
942	550601	140	935	625
943	551299	100	933	652
944	552694	120	865	623
945	553910	100	864	711
946	554568	120	981	681
947	554828	179	956	707
948	555346	180	988	684
949	556024	100	837	722
950	556722	100	809	707
951	557300	120	1096	700
952	557499	239	1182	785
953	557798	100	1089	714
954	557998	179	945	778
955	558197	219	948	793
956	558735	139	933	721
957	559014	120	907	728
958	559513	319	922	727
959	560370	179	935	697
960	577516	120	956	791
961	578015	239	1009	775
962	578493	100	1028	751
963	578992	140	1029	760
964	579171	199	1036	750
965	579490	160	1022	765
966	580427	100	1238	806
967	581245	119	968	749
968	584435	140	1030	838
969	588243	120	1056	843
970	588921	100	913	807
971	589040	100	943	820
972	589180	119	925	819
973	589319	100	934	823
974	591572	120	1014	869
975	595201	120	865	810
976	596258	139	868	769
977	601441	100	971	811
978	601601	140	986	833
979	602897	179	915	891
980	603395	120	903	852
981	604751	100	881	830
982	606027	100	1016	879
983	606147	120	905	829
984	608200	140	801	732
985	608579	100	765	704
986	609157	199	858	797
987	609656	140	893	726
988	610971	120	868	503
989	611290	120	798	663
990	611470	100	795	674
991	611669	120	806	678
992	612547	160	775	706
993	612726	239	780	702
994	613025	120	791	703
995	613464	100	1035	644
996	613803	259	860	611
997	614102	100	835	625
998	614301	140	882	498
999	614461	100	1028	598
1000	614660	219	1025	675
1001	614899	100	1071	658
1002	615019	140	1055	683
1003	615278	299	1049	677
1004	616255	140	1050	692
1005	616574	100	1182	830
1006	616714	120	1167	812
1007	616953	180	1168	805
1008	617152	120	1168	799
1009	617411	120	1168	813
1010	617551	179	1168	802
1011	617950	199	1034	810
1012	618269	219	999	790
1013	618548	120	1003	705
1014	618887	100	1071	683
1015	619146	199	1050	789
1016	619644	179	1029	804
1017	619844	100	1029	801
1018	620900	120	755	452
1019	621957	160	783	463
1020	622675	140	995	727
1021	623014	120	933	637
1022	623293	120	1010	768
1023	623692	219	979	776
1024	623931	160	954	733
1025	624389	140	911	625
1026	624728	100	873	654
1027	625107	359	904	638
1028	625805	120	877	689
1029	626383	100	863	659
1030	626822	259	899	655
1031	628217	100	834	735
1032	629075	100	772	737
1033	629932	459	918	837
1034	631667	140	780	824
1035	646939	120	361	880
1036	647298	120	391	897
1037	648932	100	371	751
1038	655512	159	288	223
1039	696204	120	1006	488
1040	697580	100	969	605
1041	697859	140	946	620
1042	698417	100	1064	580
1043	702126	100	1084	627
1044	703362	120	1034	621
1045	704239	160	1137	601
1046	705854	120	946	620
1047	706711	100	935	594
1048	707290	139	928	602
1049	708605	140	985	484
1050	709522	100	1166	446
1051	710958	100	1026	757
1052	722801	120	1013	744
1053	732072	100	999	618
1054	733268	159	1063	738
1055	733547	120	999	576
1056	735381	100	1113	559
1057	737355	199	828	764
1058	737834	139	850	798
1059	739788	120	995	587
1060	758509	100	1074	734
1061	759187	120	1064	737
1062	760722	140	1081	716
1063	777808	160	1208	659
1064	781198	100	967	739
1065	797846	179	830	573
1066	798364	279	925	653
1067	799600	219	939	658
1068	799939	159	952	648
1069	800338	199	963	644
1070	800996	120	878	705
1071	801295	179	921	699
1072	801554	120	923	700
1073	801913	120	870	701
1074	802212	120	862	705
1075	802352	139	875	694
1076	820235	100	463	571
1077	822827	140	346	542
1078	825599	120	245	397
1079	826117	100	283	439
1080	830483	100	365	454
1081	833773	120	76	443
1082	835408	159	113	508
1083	837521	199	214	662
1084	838797	100	280	609
1085	838997	199	232	651
1086	839216	140	226	649
1087	839475	120	224	656
1088	839615	160	232	659
1089	839874	119	230	645
1090	840053	100	234	652
1091	840572	219	171	638
1092	841808	100	397	655
1093	842366	199	341	739
1094	842585	299	301	755
1095	843443	120	252	749
1096	843662	100	215	759
1097	844061	100	200	751
1098	846034	160	609	843
1099	846613	100	608	843
1100	847550	100	508	593
1101	849663	100	89	228
1102	849962	100	297	178
1103	850082	100	288	163
1104	850620	140	298	181
1105	851019	120	512	185
1106	851198	100	296	181
1107	851776	100	641	174
1108	852335	100	661	214
1109	853232	100	680	239
1110	853551	100	666	208
1111	854348	140	289	226
1112	854747	100	302	216
1113	854947	120	64	170
1114	855086	100	82	199
1115	855445	100	564	824
1116	856502	160	607	813
1117	857837	179	593	830
1118	858176	100	588	841
1119	858396	160	594	852
1120	858575	100	644	836
1121	859034	239	118	239
1122	859333	140	97	221
1123	860011	100	275	162
1124	860629	199	647	918
1125	861067	199	675	930
1126	861705	100	610	880
1127	861845	140	589	898
1128	862144	180	584	903
1129	862503	160	588	914
1130	862742	379	580	928
1131	863201	100	623	986
1132	863340	100	623	985
1133	864756	180	254	190
1134	872491	100	1084	758
1135	883357	120	989	731
1136	884275	100	1023	744
1137	886169	100	1044	823
1138	886667	160	1025	826
1139	887883	160	554	890
1140	897094	160	630	927
1141	897772	100	743	966
1142	898271	100	742	971
1143	898630	120	751	966
1144	900763	140	526	870
1145	904013	179	543	927
1146	904212	179	570	909
1147	904611	100	559	900
1148	904870	120	667	898
1149	910034	100	1114	796
1150	911250	120	592	914
1151	911390	180	580	918
1152	915317	180	681	204
1153	920142	120	635	870
1154	923292	299	626	871
1155	923631	379	634	868
1156	924030	100	626	869
1157	929493	100	1055	836
1158	946719	100	222	718
1159	947496	140	366	714
1160	948055	160	320	709
1161	949191	199	212	570
1162	951982	160	925	629
1163	952501	140	956	576
1164	952860	100	844	568
1165	953019	120	740	466
1166	956229	100	100	228
1167	956648	100	90	203
1168	956787	120	88	216
1169	958362	120	267	247
1170	958522	160	321	247
1171	958861	159	295	234
1172	960436	139	1137	611
1173	961134	140	1020	475
1174	961453	120	986	552
1175	961991	100	846	499
1176	963008	100	1249	607
1177	963287	120	1228	486
1178	963486	199	961	934
1179	963905	259	846	879
1180	964403	100	823	921
1181	965201	100	913	510
1182	966557	160	1060	555
1183	966896	140	843	736
1184	967314	100	1047	682
1185	968092	120	867	750
1186	968849	120	898	644
1187	969029	179	954	690
1188	970086	100	928	646
1189	970484	160	928	637
1190	970664	199	908	638
1191	972020	199	1012	594
1192	972259	120	1033	580
1193	973076	199	857	740
1194	973295	459	880	749
1195	973794	439	903	822
1196	974851	140	1035	762
1197	975010	179	1039	810
1198	975309	219	1000	803
1199	975648	279	953	800
1200	976266	259	1207	786
1201	976785	140	1170	730
1202	977861	120	1032	692
1203	978200	160	1062	496
1204	978778	100	1087	454
1205	980433	100	862	691
1206	981390	159	855	578
1207	982387	100	345	704
1208	983145	120	506	446
1209	984102	120	247	745
1210	984580	120	269	734
1211	984779	200	289	744
1212	985079	100	288	732
1213	985637	100	253	694
1214	987312	100	284	700
1215	987611	179	284	617
1216	987910	100	291	660
1217	990043	140	747	960
1218	991419	100	418	740
1219	992037	100	744	964
1220	993990	100	504	858
1221	994708	100	501	848
1222	994948	120	305	679
1223	995127	179	570	882
1224	995386	100	400	811
1225	995566	100	435	797
1226	996463	199	797	747
1227	996682	279	872	807
1228	996981	179	1006	841
1229	997181	140	1040	841
1230	997878	120	925	838
1231	998297	160	865	538
1232	998616	140	939	528
1233	999075	120	913	475
1234	999792	160	1165	728
1235	999992	199	1070	685
1236	1000391	120	1157	719
1237	1000610	100	1224	793
1238	1001308	140	1043	937
1239	1001806	100	1035	989
1240	1002564	179	992	736
1241	1003301	199	1112	494
1242	1003979	120	1199	444
1243	1004179	159	1073	472
1244	1004657	120	1071	599
1245	1006511	120	1075	523
1246	1007010	120	1052	555
1247	1007269	119	1036	582
1248	1007648	140	1038	594
1249	1007807	100	1093	603
1250	1007927	120	1108	603
1251	1008465	159	979	567
1252	1009163	120	998	652
1253	1009642	159	1041	622
1254	1009861	139	1021	631
1255	1010299	100	1035	605
1256	1010459	120	1024	622
1257	1010618	100	1013	628
1258	1013848	140	990	772
1259	1014965	120	1127	787
1260	1015104	140	1147	775
1261	1015304	319	1017	816
1262	1015702	179	997	750
1263	1016221	159	1079	784
1264	1016739	100	1139	764
1265	1017417	100	1036	691
1266	1017736	120	1028	621
1267	1020667	219	1032	586
1268	1021784	179	1044	599
1269	1023319	139	831	718
1270	1023478	140	866	721
1271	1024615	100	804	525
1272	1025253	139	852	574
1273	1025910	100	1044	706
1274	1026030	120	1100	707
1275	1027386	140	816	664
1276	1028163	120	288	255
1277	1028961	159	910	467
1278	1029479	140	858	544
1279	1029639	140	876	557
1280	1029798	100	877	569
1281	1034623	179	973	718
1282	1035301	100	929	679
1283	1036398	399	937	705
1284	1037195	219	923	692
1285	1037793	100	978	724
1286	1039189	219	1019	714
1287	1039628	160	1129	753
1288	1039827	100	1192	800
1289	1040584	140	1134	556
1290	1040884	120	1105	554
1291	1041681	120	298	247
1292	1042339	139	1084	523
1293	1043994	160	1028	480
1294	1044293	199	978	643
1295	1045469	120	1069	604
1296	1048161	100	960	700
1297	1048440	179	972	755
1298	1048739	120	966	750
1299	1048898	120	914	789
1300	1049237	100	785	715
1301	1050035	120	934	715
1302	1050474	100	967	720
1303	1050972	100	953	764
1304	1051132	100	928	792
1305	1051251	319	928	789
1306	1052088	120	987	695
1307	1052447	100	787	573
1308	1052986	120	1000	678
1309	1053285	139	776	754
1310	1053604	100	764	749
1311	1054680	180	966	660
1312	1055119	100	924	681
1313	1055398	100	974	681
1314	1055617	100	1035	709
1315	1056255	339	947	695
1316	1057870	120	1023	680
1317	1058150	100	996	703
1318	1058369	120	1055	688
1319	1059406	100	1036	731
1320	1059645	140	1001	721
1321	1059944	159	1092	630
1322	1061539	120	1117	599
1323	1062177	120	1041	726
1324	1064210	139	1084	494
1325	1064510	100	1113	488
1326	1064948	100	1126	483
1327	1069215	120	1161	597
1328	1098184	120	1147	825
1329	1100257	120	879	723
1330	1104883	100	845	529
1331	1105720	139	778	442
1332	1106039	120	717	441
1333	1106179	180	727	457
1334	1106378	100	715	437
1335	1106677	120	715	443
1336	1107176	279	857	689
1337	1107574	120	903	747
1338	1108492	159	767	523
1339	1111124	159	991	533
1340	1111522	180	903	545
1341	1112718	100	873	620
1342	1114473	120	524	268
1343	1114692	279	310	278
1344	1115370	120	104	280
1345	1116367	120	271	583
1346	1117164	120	320	804
1347	1117304	379	397	810
1348	1117723	159	886	640
1349	1118420	259	1051	587
1350	1119098	100	898	580
1351	1119756	179	935	589
1352	1120494	100	951	624
1353	1121331	100	995	729
1354	1121910	100	1023	695
1355	1122029	100	1037	696
1356	1125598	140	1051	765
1357	1125957	139	1085	774
1358	1126116	179	1078	763
1359	1126336	159	1100	728
1360	1126515	100	1083	717
1361	1126874	339	1065	792
1362	1127273	100	1059	800
1363	1127990	179	1051	800
1364	1128469	239	1033	823
1365	1128788	279	1017	819
1366	1129087	120	1020	810
1367	1129406	140	1076	823
1368	1130482	100	1052	781
1369	1130762	160	1039	761
1370	1131998	179	1040	731
1371	1136444	100	1084	714
1372	1137919	100	1056	716
1373	1138258	140	1071	685
1374	1138996	120	1077	699
1375	1139275	100	1060	705
1376	1140511	100	1040	712
1377	1142944	319	1106	810
1378	1143641	180	1148	792
1379	1143900	120	1150	793
1380	1144060	160	1173	794
1381	1145934	100	1021	761
1382	1146851	100	1016	772
1383	1146971	100	1095	741
1384	1147529	120	1121	786
1385	1148666	180	978	738
1386	1150261	120	873	692
1387	1150739	100	849	692
1388	1151796	100	900	729
1389	1153510	159	1048	716
1390	1153730	140	1022	750
1391	1153909	120	1026	737
1392	1154148	120	1024	763
1393	1154348	120	1026	772
1394	1154786	379	1035	805
1395	1155185	179	1025	822
1396	1155524	259	1040	804
1397	1155983	140	1031	798
1398	1156142	279	1058	801
1399	1156481	120	1021	829
1400	1157279	100	920	773
1401	1157877	100	1023	820
1402	1158076	239	1023	853
1403	1158734	120	869	661
1404	1160489	159	862	592
1405	1161705	120	1040	687
1406	1163020	100	989	511
1407	1163539	120	940	477
1408	1163718	100	908	511
1409	1164177	179	886	556
1410	1164536	120	887	542
1411	1164994	159	954	708
1412	1167666	100	866	672
1413	1168005	140	911	648
1414	1170198	100	964	675
1415	1170936	120	953	663
1416	1172272	100	957	714
1417	1173169	179	951	649
1418	1173428	160	942	643
1419	1174465	100	966	668
1420	1177515	200	968	777
1421	1177794	100	960	827
1422	1179449	179	740	772
1423	1179908	120	751	797
1424	1180067	120	761	809
1425	1182739	100	918	830
1426	1182998	140	917	811
1427	1183935	179	960	789
1428	1184553	199	958	797
1429	1184772	100	960	795
1430	1188102	100	1300	888
1431	1194861	160	961	809
1432	1196496	100	515	302
1433	1197154	120	94	235
1434	1197532	100	71	250
1435	1197692	120	283	249
1436	1197951	100	312	253
1437	1198410	219	805	807
1438	1198649	100	911	779
1439	1198768	160	924	770
1440	1200104	100	1030	856
1441	1209714	100	1093	635
1442	1214918	120	887	645
1443	1215456	100	862	618
1444	1216692	100	1031	715
1445	1216932	100	1022	717
1446	1217350	139	986	714
1447	1217510	159	980	710
1448	1218088	100	988	766
1449	1218287	100	977	776
1450	1218646	159	1007	822
1451	1219603	179	863	658
1452	1219962	100	854	695
1453	1220979	100	900	665
1454	1221198	120	841	638
1455	1221517	100	835	670
1456	1221677	100	835	656
1457	1223112	140	1082	818
1458	1224628	120	876	679
1459	1227738	159	72	224
1460	1228076	100	309	257
1461	1230370	100	534	455
1462	1233719	299	557	884
1463	1234178	100	326	799
1464	1234676	100	527	904
1465	1235533	120	352	704
1466	1235832	120	310	786
1467	1236829	100	779	659
1468	1237407	120	784	480
1469	1238085	100	769	645
1470	1238604	100	785	721
1471	1239042	140	814	735
1472	1241036	160	873	755
1473	1255311	100	807	465
1474	1255830	100	813	415
1475	1256528	160	719	397
1476	1256707	180	709	416
1477	1256986	120	698	422
1478	1257245	160	843	463
1479	1257504	120	850	463
1480	1257744	219	843	531
1481	1258222	100	997	653
1482	1258402	120	1043	691
1483	1258681	180	865	548
1484	1259199	120	694	395
1485	1259538	159	702	380
1486	1260276	120	868	536
1487	1260993	160	1050	591
1488	1261532	120	955	600
1489	1262110	140	1004	629
1490	1262469	100	930	680
1491	1262668	239	924	658
1492	1263685	219	987	676
1493	1264144	120	1060	727
1494	1264522	120	943	676
1495	1264921	120	946	651
1496	1265360	120	925	659
1497	1265679	419	998	711
1498	1266257	120	856	533
1499	1266396	139	866	546
1500	1266656	140	869	533
1501	1267074	120	861	592
1502	1269308	140	1133	744
1503	1269806	120	1142	740
1504	1270364	120	1170	744
1505	1270564	179	1214	764
1506	1271221	179	1095	769
1507	1271461	219	1146	777
1508	1271939	179	1170	813
1509	1272298	100	1107	825
1510	1272916	160	1071	782
1511	1273215	219	1125	802
1512	1273694	120	1121	828
1513	1274092	140	1062	827
1514	1274690	140	1032	799
1515	1274990	179	1102	804
1516	1275229	120	1102	817
1517	1275488	100	1073	876
1518	1275707	160	1014	848
1519	1275986	100	1028	860
1520	1276106	120	1016	861
1521	1308784	160	967	781
1522	1309282	140	826	609
1523	1310458	120	858	529
1524	1312472	120	801	714
1525	1313509	140	319	245
1526	1313708	219	290	262
1527	1314924	219	606	255
1528	1315682	100	659	268
1529	1316121	100	655	241
1530	1316679	160	589	171
1531	1316938	259	584	209
1532	1317855	160	277	258
1533	1318194	100	281	266
1534	1319550	120	464	189
1535	1320148	219	69	212
1536	1320966	199	151	211
1537	1321464	120	268	198
1538	1321663	160	201	560
1539	1323577	100	752	956
1540	1323856	180	753	956
1541	1324155	160	749	958
1542	1324534	100	744	966
1543	1324734	100	749	959
1544	1325252	100	310	844
1545	1326329	100	263	831
1546	1328282	120	247	745
1547	1328542	100	249	807
1548	1328661	100	260	822
1549	1330137	100	261	742
1550	1330755	100	268	843
1551	1335041	140	181	599
1552	1336417	100	171	544
1553	1338790	120	261	517
1554	1339128	100	269	544
1555	1344392	179	291	845
1556	1349077	120	216	750
1557	1349297	139	212	760
1558	1349556	100	279	749
1559	1349695	179	268	758
1560	1350014	139	220	743
1561	1352148	160	287	320
1562	1352925	120	285	247
1563	1353105	120	296	225
1564	1353743	100	278	214
1565	1354560	199	819	716
1566	1354839	120	785	785
1567	1356295	179	799	719
1568	1356594	120	796	777
1569	1356753	160	797	780
1570	1357032	160	763	813
1571	1358647	120	929	765
1572	1359305	100	891	895
1573	1363193	120	825	760
1574	1366622	100	748	427
1575	1367779	120	895	458
1576	1368536	120	1059	677
1577	1371666	140	794	734
1578	1372125	100	791	587
1579	1372265	179	791	580
1580	1373142	139	787	658
1581	1375315	160	937	664
1582	1377568	120	817	578
1583	1380040	159	106	206
1584	1380240	100	126	204
1585	1381037	140	135	630
1586	1382393	100	202	783
1587	1383130	100	114	740
1588	1384686	100	210	694
1589	1385503	120	872	721
1590	1386899	179	232	741
1591	1388593	140	228	812
1592	1390767	100	850	589
1593	1391524	120	864	563
1594	1391883	159	771	693
1595	1393259	179	171	682
1596	1393757	180	143	725
1597	1394176	219	226	748
1598	1394515	259	114	758
1599	1395073	159	150	725
1600	1395312	120	164	750
1601	1395472	160	158	713
1602	1396070	120	818	795
1603	1396887	120	301	275
1604	1397864	100	548	218
1605	1398243	140	651	250
1606	1400994	160	305	210
1607	1402011	140	77	685
1608	1402250	120	205	741
1609	1402430	120	225	833
1610	1402669	160	226	816
1611	1403028	100	272	626
1612	1403706	219	283	793
1613	1404344	120	265	802
1614	1404503	259	253	782
1615	1405181	140	187	764
1616	1405341	140	186	773
1617	1405500	379	161	763
1618	1406059	120	473	338
1619	1406657	100	596	275
1620	1406776	100	597	245
1621	1407175	140	602	225
1622	1408850	199	175	685
1623	1409089	120	163	714
1624	1409428	100	147	716
1625	1409568	100	168	735
1626	1410066	140	152	760
1627	1410624	120	257	747
1628	1410824	140	247	764
1629	1411980	120	153	637
1630	1413954	100	844	478
1631	1415569	259	894	623
1632	1416107	179	905	649
1633	1418400	179	1076	608
1634	1418619	100	1109	601
1635	1418839	100	1061	621
1636	1422308	100	1102	621
1637	1422846	160	1046	618
1638	1423823	119	1130	502
1639	1424122	179	564	242
1640	1425139	100	47	234
1641	1425717	100	293	232
1642	1425976	120	329	229
1643	1429066	120	265	604
1644	1431200	140	453	662
1645	1432137	100	349	675
1646	1432735	100	369	695
1647	1433812	299	338	669
1648	1438258	140	206	579
1649	1438437	100	200	614
1650	1440969	120	200	663
1651	1441707	140	83	734
1652	1441866	140	85	722
1653	1442026	180	102	725
1654	1444139	100	176	765
1655	1445894	140	153	747
1656	1446552	140	210	709
1657	1446851	120	195	705
1658	1449263	120	827	768
1659	1451157	160	941	530
1660	1451556	120	902	585
1661	1451855	279	867	610
1662	1452533	180	862	613
1663	1452752	140	923	614
1664	1453151	120	884	587
1665	1453988	140	951	539
1666	1455384	140	1007	650
1667	1455942	100	1016	610
1668	1456062	100	991	630
1669	1456222	120	1017	621
1670	1456361	100	990	657
1671	1458056	100	1077	704
1672	1459710	100	960	684
1673	1461664	359	180	739
1674	1477734	299	131	679
1675	1478192	160	179	689
1676	1480545	100	325	205
1677	1481083	100	970	622
1678	1481682	179	1112	740
1679	1482798	160	1008	612
1680	1483416	100	921	593
1681	1484373	120	889	594
1682	1485490	100	915	494
1683	1487942	100	513	218
1684	1488740	140	585	215
1685	1489138	120	686	226
1686	1489417	100	676	191
1687	1489876	100	531	263
1688	1490673	120	520	196
1689	1490913	199	305	210
1690	1491830	120	78	224
1691	1492548	160	169	684
1692	1493484	100	83	755
1693	1493624	279	66	748
1694	1494023	259	141	778
1695	1495179	100	302	255
1696	1496674	100	855	616
1697	1496934	140	894	611
1698	1497173	140	948	508
1699	1498489	120	1004	595
1700	1502277	120	937	595
1701	1502895	140	1083	679
1702	1503752	140	1090	659
1703	1504151	100	1074	676
1704	1505367	120	1155	728
1705	1505965	100	889	952
1706	1506743	120	874	727
1707	1510132	160	829	680
1708	1510332	160	827	684
1709	1511408	179	138	798
1710	1512206	120	956	676
1711	1512724	160	910	681
1712	1513920	120	911	648
1713	1516034	199	855	600
1714	1517549	120	184	813
1715	1521297	100	358	203
1716	1521796	100	603	225
1717	1522135	120	603	235
1718	1523271	100	63	220
1719	1523889	100	655	243
1720	1524448	160	684	266
1721	1524886	160	552	320
1722	1528036	140	88	655
1723	1528794	120	90	741
1724	1529193	140	151	610
1725	1529631	120	194	637
1726	1530209	120	904	588
1727	1530469	100	972	577
1728	1531565	120	884	667
1729	1531864	259	1109	631
1730	1533738	120	871	681
1731	1535353	100	861	605
1732	1535752	100	869	585
1733	1536131	100	904	600
1734	1537347	120	885	751
1735	1537487	120	907	746
1736	1537706	120	895	752
1737	1538663	100	319	270
1738	1539321	100	664	248
1739	1539919	159	661	263
1740	1540996	160	578	202
1741	1541195	100	600	208
1742	1542391	120	292	263
1743	1542690	120	500	193
1744	1545222	160	95	750
1745	1545422	219	510	882
1746	1546060	199	274	596
1747	1547675	100	198	581
1748	1548153	100	257	525
1749	1548911	140	284	713
1750	1549349	399	554	841
1751	1549768	518	549	843
1752	1550306	279	579	833
1753	1551124	199	553	847
1754	1551682	100	434	681
1755	1551901	120	659	860
1756	1552759	100	558	871
1757	1553098	159	586	848
1758	1553456	100	104	221
1759	1553576	179	105	243
1760	1553855	100	100	235
1761	1554553	279	291	184
1762	1557225	120	968	908
1763	1557444	120	965	950
1764	1558939	120	858	625
1765	1560016	100	761	479
1766	1560435	100	817	770
1767	1560654	100	809	801
1768	1561212	120	881	747
1769	1561770	120	1200	818
1770	1562109	199	789	808
1771	1562409	100	771	868
1772	1562807	120	777	777
1773	1563006	120	990	841
1774	1563246	160	872	869
1775	1563704	100	804	781
1776	1564043	140	778	707
1777	1564203	140	778	803
1778	1564382	120	771	852
1779	1564542	100	778	809
1780	1564801	419	773	812
1781	1565399	120	756	844
1782	1566715	100	1154	794
1783	1567074	100	1120	586
1784	1569088	100	875	862
1785	1569686	100	844	804
1786	1572477	120	876	775
1787	1572955	140	930	818
1788	1573115	199	919	786
1789	1573813	100	921	791
1790	1574391	100	1107	723
1791	1575148	120	931	674
1792	1576544	120	1116	814
1793	1578996	120	928	829
1794	1579176	140	981	846
1795	1579335	160	1147	873
1796	1580492	199	1080	779
1797	1581329	179	1124	857
1798	1583263	140	795	767
1799	1583562	140	782	777
1800	1585038	120	783	763
1801	1585177	120	768	750
1802	1585855	139	811	763
1803	1586054	100	799	783
1804	1586254	279	788	770
1805	1587051	140	777	774
1806	1587250	100	792	792
1807	1587370	199	804	773
1808	1588128	100	896	850
1809	1589603	239	1062	690
1810	1589962	120	1141	697
1811	1591497	179	954	792
1812	1591717	159	967	760
1813	1592036	100	974	829
1814	1593132	100	976	696
1815	1593411	100	977	759
1816	1593531	259	970	774
1817	1594408	100	1156	670
1818	1594807	120	1085	772
1819	1595206	160	972	760
1820	1597080	159	952	788
1821	1600310	100	895	856
1822	1602323	179	802	864
1823	1602582	100	836	874
1824	1602802	120	843	827
1825	1607228	120	106	215
1826	1608125	179	395	731
1827	1608624	179	594	842
1828	1608823	100	587	842
1829	1609262	239	538	864
1830	1609521	379	595	847
1831	1610139	319	551	854
1832	1610478	120	526	857
1833	1610617	180	592	852
1834	1610817	199	592	851
1835	1611036	259	611	851
1836	1611933	120	55	187
1837	1613428	120	920	540
1838	1615701	160	816	726
1839	1615921	160	916	744
1840	1616419	100	756	481
1841	1616539	140	751	474
1842	1616878	120	832	749
1843	1617177	100	919	749
1844	1618812	179	958	715
1845	1619270	100	1016	726
1846	1619888	160	1084	838
1847	1620526	140	902	660
1848	1620985	179	843	637
1849	1621324	120	842	633
1850	1621463	120	831	651
1851	1621782	100	832	637
1852	1621902	140	851	625
1853	1622719	120	834	639
1854	1622899	100	832	650
1855	1623178	100	831	638
1856	1623975	219	945	702
1857	1624514	120	821	628
1858	1624653	120	819	638
1859	1624813	140	883	628
1860	1625670	259	818	634
1861	1626009	120	778	551
1862	1627425	199	804	739
1863	1627644	160	802	723
1864	1627863	140	804	784
1865	1628222	100	858	771
1866	1628840	179	870	772
1867	1629060	140	776	775
1868	1629299	299	782	787
1869	1629638	179	895	773
1870	1629837	100	899	767
1871	1629957	140	893	785
1872	1630834	120	926	720
1873	1631013	179	940	754
1874	1631651	239	833	737
1875	1631970	179	778	773
1876	1632170	179	783	784
1877	1632409	120	773	781
1878	1632608	139	778	788
1879	1632808	279	866	736
1880	1633107	139	914	727
1881	1634044	279	847	738
1882	1634662	139	777	788
1883	1635001	120	1070	682
1884	1635160	120	1107	673
1885	1635798	100	1100	700
1886	1635938	140	867	711
1887	1636137	140	880	707
1888	1636895	219	896	674
1889	1637354	120	877	772
1890	1638191	180	929	585
1891	1638849	120	902	776
1892	1639208	219	885	849
1893	1639806	219	957	818
1894	1640344	179	957	829
1895	1640544	339	965	817
1896	1641919	219	940	846
1897	1642318	100	1046	867
1898	1642956	120	1082	759
1899	1643614	100	962	828
1900	1644671	199	330	248
1901	1646046	219	884	792
1902	1646325	139	876	804
1903	1646744	120	895	793
1904	1647063	120	834	678
1905	1648120	119	782	519
1906	1648678	100	809	536
1907	1649276	100	852	586
1908	1649396	139	910	631
1909	1650991	160	882	635
1910	1653244	120	891	577
1911	1654141	120	901	580
1912	1654340	100	899	598
1913	1654739	179	984	643
1914	1654958	199	1109	644
1915	1655257	100	1082	726
1916	1655656	100	1073	763
1917	1656075	100	1075	945
1918	1656274	100	1093	893
1919	1656932	100	1001	1003
1920	1657490	100	1121	936
1921	1657710	120	1063	874
1922	1657989	179	1020	870
1923	1658268	100	1107	853
1924	1658407	120	1082	854
1925	1659185	100	861	686
1926	1659883	100	793	592
1927	1661598	140	775	601
1928	1661877	100	805	586
1929	1662096	100	829	626
1930	1662375	100	1045	772
1931	1662874	100	907	676
1932	1663870	179	892	765
1933	1664229	219	881	764
1934	1664528	179	866	759
1935	1664768	100	869	771
1936	1665705	160	1023	834
1937	1667060	100	1018	843
1938	1667679	119	980	873
1939	1670091	159	929	838
1940	1688214	120	998	784
1941	1700077	100	882	633
1942	1705141	100	965	548
1943	1706916	120	787	539
1944	1707314	100	785	734
1945	1707872	120	887	770
1946	1708171	100	903	766
1947	1708550	160	884	774
1948	1708750	180	963	785
1949	1709846	179	837	802
1950	1710126	100	876	773
1951	1710524	199	876	840
1952	1710923	319	879	775
1953	1711302	120	886	842
1954	1711441	319	873	840
1955	1711780	140	865	848
1956	1712358	160	802	825
1957	1712538	179	857	861
1958	1712737	179	853	840
1959	1713535	180	774	837
1960	1715469	140	846	803
1961	1715748	100	876	800
1962	1715947	159	921	793
1963	1717682	100	912	792
1964	1717921	160	935	809
1965	1718300	199	793	856
1966	1718539	159	801	861
1967	1719277	100	405	779
1968	1719416	179	437	789
1969	1719695	100	463	792
1970	1719835	120	461	811
1971	1721231	120	427	765
1972	1725138	239	684	277
1973	1725497	100	687	294
1974	1725676	299	565	273
1975	1726394	140	379	268
1976	1727331	140	126	221
1977	1727670	120	78	223
1978	1728248	180	582	860
1979	1729265	100	379	754
1980	1730302	499	469	698
1981	1731618	120	374	667
1982	1731817	259	388	708
1983	1732216	259	395	718
1984	1733851	180	771	794
1985	1734170	160	784	807
1986	1735506	120	927	729
1987	1736124	100	954	720
1988	1736961	140	1017	764
1989	1737240	179	914	751
1990	1740311	100	452	335
1991	1741407	100	694	282
1992	1742145	199	550	284
1993	1743242	179	544	336
1994	1744019	140	314	342
1995	1744298	179	100	315
1996	1747269	120	77	229
1997	1747927	100	522	653
1998	1748206	100	390	676
1999	1748326	100	390	705
2000	1750678	120	359	704
2001	1751077	179	512	688
2002	1751476	219	570	667
2003	1751974	179	564	694
2004	1755204	120	290	291
2005	1756261	120	937	730
2006	1756719	100	912	713
2007	1758374	100	302	350
2008	1758713	120	579	266
2009	1760108	100	558	249
2010	1760966	120	272	239
2011	1761424	100	529	220
2012	1762382	140	878	684
2013	1763019	120	882	679
2014	1764276	140	358	224
2015	1766229	100	506	271
2016	1768164	100	477	200
2017	1768343	160	472	215
2018	1768562	140	471	210
2019	1771214	100	476	889
2020	1771353	758	499	908
2021	1772131	219	488	901
2022	1772610	120	114	714
2023	1775301	279	535	903
2024	1775620	199	538	904
2025	1775859	140	536	896
2026	1776039	100	466	903
2027	1776458	239	161	777
2028	1776756	120	501	927
2029	1776936	160	521	936
2030	1777793	100	157	696
2031	1777933	140	137	618
2032	1778411	279	472	909
2033	1778830	239	178	813
2034	1779089	199	465	912
2035	1779308	100	504	902
2036	1779428	259	511	904
2037	1779707	219	466	918
2038	1779946	459	516	934
2039	1781063	120	558	899
2040	1781202	159	543	911
2041	1781422	140	599	898
2042	1781601	199	625	893
2043	1781841	120	624	895
2044	1782080	140	537	909
2045	1782299	459	524	912
2046	1782837	259	303	759
2047	1786127	100	423	653
2048	1786964	139	406	640
2049	1788719	120	311	679
2050	1790633	120	392	684
2051	1791072	100	358	688
2052	1792527	100	510	876
2053	1792686	120	505	877
2054	1792846	399	497	898
2055	1793484	558	508	893
2056	1794381	120	226	769
2057	1795039	159	487	930
2058	1795218	120	489	930
2059	1795418	120	221	749
2060	1795916	120	486	927
2061	1796136	578	479	921
2062	1796754	100	469	891
2063	1797491	200	474	910
2064	1797870	179	493	913
2065	1800701	120	733	981
2066	1801419	159	136	321
2067	1802934	139	170	865
2068	1803134	100	169	853
2069	1803313	180	165	843
2070	1803892	180	143	849
2071	1804310	180	120	863
2072	1805407	120	134	846
2073	1808218	180	838	800
2074	1810770	100	931	635
2075	1811009	120	952	628
2076	1811986	139	989	682
2077	1812365	100	884	614
2078	1813900	100	992	654
2079	1815954	160	1033	723
2080	1816193	119	964	965
2081	1817947	140	1034	808
2082	1818665	120	953	839
2083	1836429	120	100	224
2084	1836788	120	86	198
2085	1837426	100	237	545
2086	1837546	100	266	532
2087	1853715	120	838	731
2088	1855210	100	434	651
2089	1855669	120	581	807
2090	1856766	100	463	580
2091	1856985	259	476	543
2092	1857802	160	785	716
2093	1858979	259	898	734
2094	1859856	100	1019	719
2095	1859995	140	1027	742
2096	1860155	180	921	747
2097	1860394	140	905	753
2098	1860594	140	914	740
2099	1860773	120	906	738
2100	1860952	100	912	746
2101	1861112	120	1009	755
2102	1861969	120	267	250
2103	1863106	179	568	806
2104	1864302	120	131	286
2105	1867273	120	103	224
2106	1876145	100	854	736
2107	1880451	140	908	601
2108	1881488	100	773	499
2109	1882086	120	873	620
2110	1882505	100	861	774
2111	1882784	100	936	733
2112	1883582	120	901	789
2113	1883721	120	921	796
2114	1888087	140	922	810
2115	1888865	100	876	825
2116	1889004	120	878	823
2117	1891796	160	733	978
2118	1892075	100	736	976
2119	1892354	100	737	976
2120	1893570	259	187	761
2121	1894408	100	153	686
2122	1895903	837	454	908
2123	1896800	279	460	896
2124	1897119	379	459	897
2125	1897916	100	490	821
2126	1898515	139	501	871
2127	1898674	160	495	876
2128	1899671	239	550	822
2129	1900867	120	540	824
2130	1901067	160	536	832
2131	1903120	219	286	494
2132	1904855	159	214	623
2133	1905752	219	149	680
2134	1906270	100	145	746
2135	1911334	100	462	522
2136	1915103	339	492	905
2137	1915920	100	500	887
2138	1916040	159	521	875
2139	1916399	179	468	912
2140	1916598	219	483	911
2141	1916957	160	504	913
2142	1922779	100	63	202
2143	1924433	140	73	198
2144	1927504	139	59	246
2145	1927823	160	63	223
2146	1928022	100	55	212
2147	1932149	120	266	225
2148	1932747	100	747	958
2149	1934362	180	34	230
2150	1934662	140	60	258
2151	1934940	120	66	259
2152	1935160	100	84	298
2153	1935678	100	98	352
2154	1936715	100	51	246
2155	1937233	100	43	234
2156	1938170	219	104	243
2157	1939028	139	504	866
2158	1939267	120	533	893
2159	1940543	100	512	924
2160	1940662	259	534	884
2161	1941002	100	731	979
2162	1943494	100	962	819
2163	1944610	120	742	970
2164	1945826	139	742	966
2165	1946126	159	745	964
2166	1946385	179	738	966
2167	1957371	119	889	704
2168	1960142	100	951	743
2169	1965884	120	344	732
2170	1976151	179	353	656
2171	1977567	139	87	262
2172	1978504	120	88	338
2173	1979820	100	370	643
2174	1981076	100	739	960
2175	1981554	160	549	785
2176	1981734	239	559	784
2177	1981993	120	549	794
2178	1984286	140	294	220
2179	1985342	100	1093	596
2180	1986858	100	1071	697
2181	1986977	160	1096	704
2182	1988114	120	1064	735
2183	1988293	199	1100	729
2184	1992839	100	1097	666
2185	1992959	120	1081	685
2186	2004463	120	995	668
2187	2004961	219	881	679
2188	2005599	140	855	682
2189	2006516	199	870	686
2190	2006835	259	890	698
2191	2007433	259	905	694
2192	2008031	100	952	636
2193	2008829	120	740	971
2194	2009686	100	470	610
2195	2011520	120	560	602
2196	2014192	160	250	551
2197	2014451	120	220	570
2198	2015129	100	260	670
2199	2016604	139	512	870
2200	2016904	140	491	861
2201	2017242	100	456	881
2202	2017402	120	456	889
2203	2017801	140	508	869
2204	2018040	179	533	857
2205	2018798	199	536	909
2206	2019117	219	532	905
2207	2019416	120	736	977
2208	2019854	100	736	976
2209	2020114	120	735	975
2210	2021868	120	744	959
2211	2022147	180	744	962
2212	2023244	100	276	718
2213	2024181	160	743	961
2214	2037240	120	783	511
2215	2039393	100	909	583
2216	2044916	120	336	752
2217	2049023	100	44	201
2218	2049422	140	65	208
2219	2057995	120	963	752
2220	2058473	140	311	256
2221	2059929	120	1012	719
2222	2060567	140	333	224
2223	2060926	140	349	220
2224	2061882	160	285	212
2225	2063318	139	283	189
2226	2063836	120	300	187
2227	2064654	100	289	169
2228	2064774	120	296	189
2229	2065033	100	288	161
2230	2065531	219	119	169
2231	2065830	179	70	217
2232	2066109	179	63	217
2233	2066508	140	67	215
2234	2066727	120	93	190
2235	2066887	120	111	221
2236	2067326	219	277	221
2237	2068063	219	504	248
2238	2069020	159	299	263
2239	2069519	140	324	214
2240	2069818	120	359	213
2241	2069977	120	347	209
2242	2070814	179	292	206
2243	2071114	179	278	210
2244	2071313	120	283	200
2245	2071911	140	73	220
2246	2072210	100	69	222
2247	2073745	100	928	623
2248	2074603	180	1022	816
2249	2076377	179	746	962
2250	2085508	100	62	193
2251	2091928	160	896	651
2252	2092347	199	978	652
2253	2093364	140	1001	660
2254	2093603	139	992	709
2255	2093842	140	904	635
2256	2095398	100	870	665
2257	2095856	139	903	754
2258	2096434	139	877	807
2259	2096793	140	895	805
2260	2100402	140	241	770
2261	2100561	140	232	759
2262	2100741	159	164	739
2263	2101100	100	192	751
2264	2101598	140	243	765
2265	2101817	100	478	876
2266	2101937	160	498	889
2267	2102834	100	247	654
2268	2103472	120	225	652
2269	2104010	100	367	666
2270	2104150	140	285	603
2271	2104628	120	312	597
2272	2105107	119	561	880
2273	2105366	159	523	881
2274	2105546	339	529	888
2275	2106862	120	190	780
2276	2107001	179	217	782
2277	2107200	179	496	915
2278	2107858	120	321	755
2279	2108217	120	548	884
2280	2108436	160	556	871
2281	2110729	100	737	973
2282	2112324	120	392	734
2283	2112862	120	175	665
2284	2113222	100	173	685
2285	2113461	120	146	750
2286	2115056	259	508	909
2287	2116850	120	301	666
2288	2117010	160	298	673
2289	2117229	139	294	669
2290	2118326	120	516	885
2291	2122752	359	1002	763
2292	2124486	160	889	775
2293	2124885	100	923	669
2294	2125364	159	808	917
2295	2125543	219	817	898
2296	2126181	239	906	881
2297	2126480	100	799	889
2298	2126680	100	874	870
2299	2127078	159	986	844
2300	2127337	180	1018	846
2301	2127656	100	872	879
2302	2127796	119	882	878
2303	2128454	279	875	820
2304	2129132	100	881	815
2305	2130388	100	963	857
2306	2130687	120	835	881
2307	2131724	140	833	862
2308	2134714	100	822	839
2309	2135153	100	822	899
2310	2136748	120	852	901
2311	2138243	100	863	878
2312	2152618	100	771	627
2313	2153396	179	853	706
2314	2154034	140	848	686
2315	2154652	120	838	689
2316	2155170	140	847	688
2317	2155469	199	812	779
2318	2155788	120	874	751
2319	2156944	100	941	711
2320	2159317	179	534	847
2321	2159556	120	527	851
2322	2160354	100	397	686
2323	2160494	159	331	663
2324	2160713	139	327	676
2325	2161251	120	328	676
2326	2164820	100	246	653
2327	2165857	120	246	632
2328	2165996	100	249	721
2329	2168289	180	530	876
2330	2168488	120	528	867
2331	2172496	140	377	646
2332	2172735	199	351	650
2333	2173393	179	971	680
2334	2173951	179	909	590
2335	2174848	120	378	641
2336	2175207	100	966	655
2337	2175806	179	939	751
2338	2176005	120	936	754
2339	2176324	179	953	770
2340	2176742	119	893	758
2341	2176982	120	932	669
2342	2177321	160	915	614
2343	2177500	100	929	611
2344	2178936	139	949	603
2345	2179574	100	950	634
2346	2180172	119	952	625
2347	2181288	180	957	629
2348	2181866	100	935	616
2349	2184199	100	388	676
2350	2184319	120	298	671
2351	2184578	179	295	671
2352	2185076	199	287	684
2353	2185296	179	295	671
2354	2185555	319	324	691
2355	2185974	100	301	605
2356	2186272	499	257	648
2357	2187509	120	318	753
2358	2187648	100	320	754
2359	2188067	100	266	652
2360	2189462	120	323	662
2361	2189682	100	525	835
2362	2189901	140	541	828
2363	2190639	100	380	709
2364	2191496	120	410	728
2365	2192593	180	744	966
2366	2193470	120	111	236
2367	2194427	179	89	300
2368	2194626	100	91	304
2369	2195902	239	49	186
2370	2196361	100	78	240
2371	2198853	100	256	215
2372	2199012	120	262	202
2373	2199631	100	1038	602
2374	2199750	159	991	600
2375	2202143	159	292	222
2376	2206010	100	359	198
2377	2206648	239	289	209
2378	2207187	199	78	216
2379	2207406	100	71	206
2380	2207865	179	417	565
2381	2208124	219	379	591
2382	2208363	120	331	581
2383	2208802	180	313	560
2384	2209420	100	319	643
2385	2219409	120	78	225
2386	2220086	100	811	635
2387	2220206	120	826	610
2388	2224971	100	49	220
2389	2235997	180	1061	491
2390	2253821	140	561	865
2391	2254319	120	476	708
2392	2256492	179	1000	573
2393	2258108	120	996	529
2394	2258366	120	996	686
2395	2258546	100	984	664
2396	2258686	159	961	689
2397	2259044	120	1004	719
2398	2259184	100	967	761
2399	2259344	139	978	777
2400	2261696	100	304	757
2401	2264368	120	586	836
2402	2264587	140	591	840
2403	2264806	179	584	854
2404	2265245	159	736	973
2405	2265504	159	733	973
2406	2265743	120	731	974
2407	2266940	120	735	970
2408	2269013	100	739	969
2409	2269472	179	733	971
2410	2270030	159	736	970
2411	2271066	140	737	970
2412	2271665	100	735	973
2413	2271884	100	734	975
2414	2272223	180	735	974
2415	2272562	120	734	973
2416	2272722	120	587	831
2417	2272861	100	733	973
2418	2273080	160	733	972
2419	2273698	120	804	740
2420	2277526	120	988	597
2421	2278124	100	1079	582
2422	2286259	120	495	469