1	2027	100	1005	60
2	7968	319	78	237
3	8526	100	246	207
4	9105	140	298	198
5	9962	140	909	1002
6	10480	159	507	559
7	11617	140	1012	986
8	12274	100	1046	997
9	13052	180	739	584
10	13650	120	90	592
11	13889	140	83	612
12	14707	160	58	485
13	17837	100	311	175
14	18635	100	79	201
15	18914	160	66	232
16	19233	179	64	230
17	19671	140	240	205
18	19891	100	62	202
19	20868	239	88	566
20	22124	140	90	542
21	22383	140	95	534
22	22981	239	85	590
23	23320	140	95	600
24	23818	100	185	158
25	25054	100	96	599
26	25453	100	74	573
27	25812	139	89	535
28	26011	120	83	517
29	26809	180	720	544
30	27208	180	934	974
31	28324	100	764	282
32	29142	159	700	518
33	30737	100	741	537
34	31135	159	95	512
35	31355	120	90	533
36	31614	179	98	547
37	32252	120	77	291
38	32491	179	185	299
39	34445	100	245	195
40	34844	239	243	237
41	35861	120	86	568
42	36000	179	82	594
43	36239	379	75	601
44	36638	100	37	594
45	37117	120	72	553
46	37814	160	68	209
47	39250	139	129	588
48	39788	100	754	573
49	40187	199	733	566
50	40426	239	727	564
51	40745	120	685	518
52	41044	219	705	543
53	41922	100	756	603
54	42041	359	744	623
55	42520	179	742	619
56	42719	140	747	630
57	42978	279	759	620
58	43796	120	298	188
59	44513	239	768	669
60	44972	120	727	687
61	46786	100	724	535
62	48262	120	82	232
63	49199	140	280	174
64	49358	120	244	173
65	49916	140	458	176
66	50176	159	464	172
67	50654	219	736	600
68	50953	100	712	569
69	51511	160	745	628
70	52149	279	748	616
71	52488	159	753	615
72	52668	120	744	617
73	52847	120	744	632
74	53186	140	740	597
75	53505	120	743	638
76	53685	239	746	613
77	54203	120	746	587
78	54343	140	755	570
79	54941	160	125	594
80	55240	100	104	570
81	55658	100	94	558
82	56595	200	115	574
83	57672	120	762	575
84	59327	100	773	595
85	59447	120	772	601
86	60483	140	756	583
87	60663	100	751	576
88	60782	120	773	610
89	61241	159	727	602
90	61919	100	793	625
91	62377	180	790	669
92	62637	299	774	697
93	63015	100	785	715
94	63713	120	838	698
95	64411	179	1132	722
96	64610	120	1102	815
97	64929	120	1083	890
98	65069	120	1109	887
99	65408	279	1102	875
100	65707	120	1107	887
101	65966	120	783	668
102	66205	100	767	677
103	66405	179	767	696
104	67860	259	788	683
105	68299	120	823	675
106	68697	239	860	679
107	68997	120	855	695
108	69296	219	832	694
109	69894	100	706	298
110	71389	100	117	567
111	72047	159	107	572
112	72246	120	525	495
113	73323	139	797	681
114	74380	120	103	567
115	74519	140	104	567
116	75217	100	121	539
117	75516	100	98	554
118	76134	100	120	577
119	76294	140	112	588
120	77091	179	758	622
121	77988	120	780	653
122	78327	359	830	689
123	78886	179	455	198
124	79185	100	460	178
125	79304	100	448	193
126	80002	160	482	155
127	80501	120	425	182
128	81398	100	585	195
129	82135	239	607	201
130	82395	160	612	179
131	82574	120	606	202
132	83172	120	513	195
133	83372	179	502	214
134	83591	120	505	211
135	83930	120	506	202
136	84408	100	246	186
137	84588	100	506	240
138	85445	100	506	189
139	85744	100	496	193
140	86322	120	972	956
141	88675	180	782	644
142	92403	199	43	205
143	92662	120	62	216
144	92862	120	71	224
145	93001	140	57	205
146	93978	100	88	537
147	94098	140	43	525
148	94477	120	83	642
149	94696	140	98	649
150	95254	160	81	598
151	95673	160	79	596
152	98006	179	728	600
153	98245	100	752	608
154	99142	120	1164	848
155	99341	179	719	619
156	99780	100	711	618
157	100458	100	77	639
158	100578	199	44	614
159	101056	120	41	594
160	102133	120	775	652
161	102432	100	818	629
162	102591	159	724	639
163	102791	120	763	680
164	104565	120	618	210
165	104904	120	628	215
166	106798	239	594	213
167	107277	100	436	199
168	107735	179	597	207
169	108692	120	444	206
170	109789	120	586	215
171	110088	140	628	202
172	110247	180	636	205
173	110666	100	717	208
174	111683	140	585	212
175	112660	100	587	215
176	112919	120	615	204
177	113477	120	705	198
178	113657	160	697	208
179	114633	399	625	240
180	115072	120	631	248
181	115650	279	508	216
182	116468	120	594	241
183	116827	120	605	210
184	117006	199	595	222
185	117465	219	620	240
186	117764	160	595	242
187	118442	100	624	886
188	118621	120	667	962
189	118880	100	89	115
190	119060	120	83	28
191	119618	100	614	775
192	119957	140	876	1008
193	120296	120	882	988
194	120974	100	275	216
195	121093	100	288	226
196	122050	219	52	251
197	125659	100	68	610
198	125878	100	117	617
199	126795	100	89	556
200	127453	179	85	591
201	127673	180	96	680
202	127992	140	103	749
203	128171	100	79	573
204	128291	100	71	563
205	128490	140	82	556
206	128949	100	113	577
207	130185	120	86	549
208	130723	139	122	598
209	130922	100	86	570
210	131122	100	89	587
211	131481	100	85	580
212	131840	259	105	618
213	132159	160	62	601
214	132637	120	117	608
215	132777	120	119	621
216	133076	139	122	624
217	133275	160	89	633
218	133674	399	107	617
219	134132	100	776	609
220	134312	219	751	649
221	135209	180	731	578
222	136465	119	707	521
223	136625	179	693	540
224	137821	219	765	619
225	138858	160	750	591
226	139615	159	795	585
227	140991	140	724	712
228	144779	100	793	785
229	145377	100	792	821
230	145497	160	788	798
231	146354	100	828	800
232	146553	180	826	795
233	147470	100	96	609
234	147829	100	86	586
235	147949	100	47	594
236	149325	179	147	615
237	149644	299	124	620
238	150262	179	129	656
239	150641	100	98	608
240	150760	140	126	620
241	151139	259	131	628
242	151538	219	133	649
243	151837	120	119	639
244	152475	120	132	639
245	152913	299	101	603
246	153372	120	110	591
247	153731	259	123	643
248	154768	159	217	624
249	154947	140	128	585
250	155107	120	115	592
251	155326	100	123	601
252	155864	120	127	608
253	156103	179	119	640
254	156402	140	115	642
255	156702	160	118	627
256	157539	160	115	628
257	158576	219	751	795
258	159971	120	748	777
259	163161	379	818	785
260	164158	140	55	267
261	165135	100	585	212
262	165454	120	599	243
263	165693	120	613	227
264	166112	160	609	220
265	168544	179	268	234
266	168903	120	71	233
267	169541	100	239	250
268	169741	120	251	213
269	170757	159	626	230
270	173987	120	119	619
271	174506	100	144	622
272	174845	140	122	654
273	175742	100	108	597
274	176480	379	740	876
275	176978	140	739	770
276	177157	120	724	789
277	177756	319	792	803
278	179470	100	124	629
279	180128	179	794	801
280	180327	100	791	799
281	180447	179	794	809
282	180826	379	789	824
283	181324	100	157	644
284	182321	100	817	772
285	182640	100	168	673
286	182959	100	163	660
287	183358	159	787	792
288	183777	180	125	683
289	184315	339	787	803
290	184773	199	788	829
291	185092	100	796	826
292	185950	139	160	677
293	186249	100	154	666
294	186448	100	146	683
295	186608	319	159	679
296	187226	279	791	832
297	187525	199	790	830
298	187744	120	791	833
299	188123	179	798	832
300	188322	179	789	800
301	188522	199	746	767
302	188741	100	786	776
303	188940	140	837	776
304	189419	179	161	637
305	191333	100	128	637
306	192210	179	735	769
307	192788	160	781	792
308	192968	139	732	787
309	193327	179	756	787
310	193526	179	807	786
311	193865	100	793	788
312	193985	479	796	810
313	194523	239	793	806
314	196218	100	281	192
315	198211	120	522	244
316	199388	119	512	249
317	200385	259	907	982
318	200763	120	820	833
319	200963	100	821	804
320	202059	179	412	739
321	202657	179	752	744
322	203515	179	762	778
323	203774	159	788	785
324	203953	180	798	810
325	204950	219	807	822
326	205608	140	151	657
327	205808	279	166	660
328	206107	140	176	673
329	206725	100	162	678
330	206904	160	166	663
331	207562	160	799	788
332	207741	100	807	805
333	208160	179	801	834
334	208379	140	808	844
335	208639	100	808	824
336	208958	299	789	819
337	209436	100	816	838
338	209556	100	793	834
339	210892	179	855	813
340	211988	120	450	226
341	212327	179	598	217
342	214640	219	269	247
343	215457	100	275	231
344	216315	299	1044	1002
345	216634	120	1043	1006
346	217591	100	305	668
347	217790	100	82	688
348	217910	160	143	700
349	218189	100	85	685
350	219744	179	104	715
351	220143	179	90	745
352	221020	100	767	741
353	221777	100	697	759
354	221917	100	746	764
355	222236	120	739	783
356	222436	119	738	815
357	222575	180	734	826
358	222874	180	747	827
359	223073	140	753	826
360	223293	219	733	828
361	223691	100	740	821
362	224190	100	763	838
363	227320	120	125	724
364	227699	100	131	799
365	228576	299	756	850
366	228915	180	756	839
367	229653	199	281	246
368	230650	100	594	251
369	232783	140	624	234
370	235175	180	709	259
371	235594	120	602	261
372	236332	179	717	255
373	236850	120	725	264
374	237329	100	713	239
375	237568	140	736	248
376	237787	160	724	250
377	237967	100	662	287
378	238545	179	667	250
379	238824	100	691	237
380	240020	239	557	251
381	240439	100	552	253
382	240559	160	547	239
383	241974	140	508	280
384	242871	120	554	182
385	246081	100	617	183
386	246261	159	617	182
387	246659	120	607	194
388	246839	100	606	200
389	247417	120	606	195
390	247796	379	583	205
391	248932	160	628	197
392	249391	120	450	274
393	249730	259	455	255
394	250826	140	283	280
395	252202	100	329	263
396	255292	100	61	280
397	255751	120	264	276
398	257466	100	119	753
399	258163	140	92	567
400	258482	180	87	588
401	259320	160	118	637
402	259499	100	133	636
403	259619	120	122	657
404	260396	100	73	704
405	260995	139	114	852
406	261333	120	75	705
407	262350	279	86	594
408	263028	140	162	624
409	263507	160	123	653
410	264025	100	96	619
411	264204	140	125	617
412	264583	179	147	663
413	264882	179	149	640
414	267494	120	698	521
415	267973	140	695	553
416	268232	120	696	549
417	268950	259	713	609
418	269428	100	721	636
419	269687	140	718	594
420	271561	100	764	605
421	276027	100	800	743
422	276705	100	799	764
423	277363	159	839	719
424	279058	139	808	728
425	279297	100	820	753
426	279536	100	809	761
427	280453	120	782	790
428	283703	100	712	586
429	284022	100	744	615
430	284900	120	719	566
431	285777	100	859	633
432	286096	200	800	627
433	286395	160	850	623
434	286574	120	853	610
435	287691	160	95	587
436	287930	160	118	663
437	288269	179	158	685
438	288588	100	130	684
439	289206	199	145	654
440	290083	100	55	658
441	290602	100	118	622
442	291260	100	289	274
443	293054	100	613	240
444	293413	120	601	272
445	295347	100	64	310
446	296244	120	736	924
447	296583	279	899	995
448	296962	359	918	993
449	298058	160	137	621
450	298437	100	125	622
451	298596	140	103	607
452	299215	219	69	607
453	299534	100	84	619
454	299773	179	116	637
455	300172	179	132	665
456	300371	140	115	668
457	300530	120	98	655
458	301069	140	104	621
459	301328	219	82	677
460	301567	140	82	685
461	301846	199	123	681
462	302066	160	114	666
463	302245	299	119	699
464	303102	140	168	724
465	305435	259	427	266
466	306352	399	735	641
467	306851	140	708	652
468	307309	120	765	677
469	307449	239	772	683
470	307848	180	770	691
471	308047	179	764	691
472	308525	100	757	718
473	308725	199	760	644
474	308964	100	769	607
475	310419	100	810	645
476	310898	179	785	699
477	311097	100	808	712
478	312114	120	785	696
479	312553	159	784	709
480	312732	279	791	726
481	313051	140	796	742
482	313251	219	781	734
483	313789	100	792	767
484	313988	140	839	773
485	314148	160	831	774
486	314427	139	805	709
487	315364	120	172	688
488	315902	100	109	691
489	316660	239	129	693
490	317497	100	142	710
491	317677	100	855	721
492	317896	100	824	759
493	318095	140	826	774
494	319631	100	816	764
495	319790	100	831	762
496	320528	120	294	300
497	320707	100	798	723
498	321266	120	152	722
499	321564	100	131	686
500	322761	219	126	677
501	323359	100	139	702
502	323658	100	148	698
503	324256	100	153	687
504	324695	140	137	679
505	325353	180	829	762
506	326050	140	848	726
507	326210	160	808	710
508	327067	120	835	696
509	327645	279	839	740
510	327984	160	796	747
511	329380	100	157	678
512	330756	180	160	652
513	330975	279	141	686
514	331872	319	191	686
515	332251	100	150	716
516	332470	160	178	726
517	332809	140	804	741
518	334863	179	799	715
519	335102	160	804	747
520	335600	219	792	686
521	335940	100	809	698
522	336857	180	796	603
523	338711	199	802	701
524	338950	100	810	692
525	339249	120	815	699
526	339927	100	828	775
527	340046	100	842	777
528	340226	100	824	774
529	340984	120	66	301
530	342319	120	485	288
531	343476	120	80	322
532	343855	199	70	247
533	345509	179	521	248
534	345868	120	261	211
535	346925	100	613	240
536	347244	100	521	279
537	347722	159	286	231
538	348620	179	238	250
539	348839	100	290	259
540	349018	100	254	253
541	349258	140	826	992
542	349537	140	907	992
543	349716	179	881	986
544	350893	180	1032	968
545	351092	139	1014	958
546	351730	100	138	691
547	352488	100	80	558
548	352886	100	84	554
549	353086	160	68	581
550	353385	199	101	606
551	353604	100	113	627
552	353863	140	78	620
553	354162	159	75	611
554	354621	140	81	633
555	354780	100	68	615
556	356595	100	105	655
557	357751	100	99	623
558	358170	120	98	593
559	358888	160	127	649
560	360144	100	60	634
561	360602	159	64	653
562	360801	140	89	643
563	361978	139	94	694
564	362576	160	97	778
565	362875	100	90	794
566	363134	120	81	672
567	363473	139	77	600
568	363752	100	536	722
569	365686	120	77	584
570	368338	140	62	519
571	368737	100	66	528
572	369016	120	50	554
573	369215	339	63	573
574	370132	120	116	299
575	370810	179	267	237
576	373542	100	302	270
577	374698	100	123	591
578	374917	100	136	626
579	375635	139	95	598
580	376054	140	117	645
581	376552	179	90	640
582	376931	100	79	624
583	377250	120	118	650
584	377688	120	136	672
585	378047	140	78	666
586	378267	339	96	659
587	378984	319	85	675
588	379323	159	94	671
589	379503	160	101	679
590	379682	180	103	713
591	379882	279	102	758
592	380599	160	72	664
593	380978	139	103	619
594	381297	100	141	656
595	382533	100	784	681
596	382793	140	753	688
597	383032	140	744	677
598	383590	239	813	692
599	383849	159	797	700
600	384029	279	798	718
601	384328	179	805	734
602	384647	219	809	749
603	384966	279	801	746
604	385624	100	772	595
605	385763	100	781	611
606	387059	140	721	588
607	387657	139	777	661
608	388076	120	747	687
609	388475	160	762	678
610	388754	100	778	688
611	388913	100	765	693
612	389153	279	808	687
613	389771	120	723	592
614	390269	239	715	584
615	390528	160	715	573
616	391445	140	725	562
617	392103	100	732	579
618	392442	160	756	597
619	394296	100	708	576
620	394695	100	107	614
621	394895	120	80	673
622	395393	100	93	672
623	396809	180	497	732
624	397387	120	743	643
625	398164	100	1154	869
626	398324	160	1075	752
627	400298	279	120	693
628	401374	100	475	269
629	401494	100	432	216
630	402630	120	672	261
631	402790	100	697	527
632	403228	160	743	436
633	403587	100	709	453
634	404883	100	434	229
635	405083	100	429	242
636	405302	120	602	258
637	405481	199	596	248
638	406917	100	606	264
639	407615	199	502	271
640	409369	100	127	262
641	409509	199	80	287
642	410346	100	855	965
643	412519	159	76	639
644	413217	120	91	564
645	413357	100	96	584
646	413576	120	99	562
647	414054	140	72	566
648	414214	100	94	558
649	414433	379	117	568
650	415231	160	734	542
651	415909	140	756	640
652	416307	120	438	208
653	417843	100	725	608
654	418261	179	716	522
655	419617	100	725	559
656	419757	120	691	560
657	419916	359	752	565
658	420335	100	748	589
659	420534	159	735	647
660	420714	120	743	632
661	421491	100	127	614
662	421691	179	101	544
663	423026	100	740	636
664	425977	100	785	743
665	426974	160	341	269
666	427572	160	110	642
667	427772	100	82	535
668	428449	120	88	547
669	428968	120	87	537
670	429606	120	62	265
671	430164	100	59	276
672	433314	120	748	618
673	433454	100	764	611
674	433972	100	781	604
675	437202	100	892	619
676	437900	100	828	639
677	438358	120	781	649
678	448008	100	287	256
679	450261	160	759	651
680	450720	120	103	580
681	451058	120	98	572
682	451896	100	824	701
683	452255	140	821	722
684	452913	160	836	729
685	453132	180	759	739
686	453949	159	87	571
687	454727	100	101	570
688	455106	100	95	566
689	456003	179	779	668
690	456621	100	83	538
691	456741	120	124	577
692	456980	120	123	589
693	457179	100	152	580
694	458635	140	794	724
695	458974	180	823	713
696	459731	140	439	249
697	460270	100	474	262
698	460409	140	537	243
699	460628	140	533	260
700	461007	140	645	285
701	461227	120	640	288
702	462164	120	470	314
703	463460	140	62	284
704	463958	120	273	275
705	464317	120	263	282
706	465294	160	757	961
707	465473	140	850	991
708	466032	120	893	993
709	466809	100	149	639
710	466969	139	113	643
711	467128	180	104	580
712	467726	239	64	551
713	468284	119	93	581
714	469122	179	86	679
715	469321	179	76	676
716	469760	119	120	596
717	470318	160	56	630
718	470916	219	88	653
719	471335	119	116	722
720	471594	219	118	717
721	472232	140	141	755
722	472511	239	85	740
723	472770	100	79	742
724	472990	120	83	737
725	473269	179	152	748
726	473707	100	763	757
727	473927	279	752	803
728	474485	120	716	596
729	474644	120	723	608
730	475163	219	741	559
731	476778	100	241	266
732	478792	139	618	265
733	478951	140	616	286
734	479848	180	587	256
735	480386	339	615	228
736	480745	180	602	236
737	481144	100	498	243
738	481483	179	420	259
739	481981	139	290	191
740	482300	120	279	185
741	483158	159	347	172
742	483357	100	234	187
743	484075	279	899	994
744	484434	100	907	990
745	485072	140	422	732
746	485530	100	724	580
747	485670	100	742	593
748	486288	140	742	579
749	486447	159	690	582
750	487883	120	742	572
751	488042	100	747	606
752	489179	140	712	531
753	489637	100	772	578
754	491452	100	766	599
755	492648	159	782	644
756	492967	199	756	647
757	494263	100	777	634
758	494502	140	780	652
759	495120	160	802	673
760	495479	100	151	658
761	496356	100	119	758
762	496516	160	101	760
763	499487	140	764	697
764	500743	139	795	738
765	501760	199	783	775
766	502378	100	792	772
767	502577	160	830	780
768	502796	140	788	774
769	503095	159	815	792
770	503335	179	786	781
771	503793	120	842	792
772	505029	120	813	762
773	505428	100	841	776
774	506225	239	126	771
775	506644	159	132	749
776	507860	259	813	721
777	508578	120	136	721
778	509874	140	754	624
779	510273	160	744	609
780	510771	160	810	634
781	511010	100	769	636
782	512246	100	341	245
783	513303	100	774	693
784	514061	180	768	653
785	514739	160	788	634
786	516035	319	130	765
787	516613	140	144	760
788	516872	239	158	778
789	517371	219	147	784
790	517969	100	788	672
791	518168	100	780	681
792	518308	100	809	714
793	518467	120	796	718
794	518766	100	80	773
795	518886	160	140	770
796	519065	100	139	753
797	519265	120	156	750
798	519564	219	131	760
799	519823	339	140	774
800	520381	100	142	769
801	521318	120	796	678
802	521518	140	798	683
803	521757	199	770	758
804	522455	179	774	686
805	523491	100	762	699
806	524707	140	762	687
807	525046	120	769	701
808	525505	199	763	658
809	526263	120	109	727
810	526602	100	108	748
811	526721	120	122	761
812	527020	120	121	762
813	527838	120	96	752
814	527997	120	120	757
815	528515	140	133	760
816	529154	120	136	782
817	529293	140	127	767
818	529532	100	129	782
819	529851	100	802	663
820	531068	259	779	734
821	531386	140	792	732
822	531885	160	291	222
823	532902	120	313	163
824	534078	160	475	170
825	534796	160	379	186
826	535035	120	384	182
827	535454	179	70	218
828	535832	140	62	201
829	536092	120	264	218
830	536291	139	75	202
831	536690	120	832	934
832	536849	160	894	980
833	537069	100	898	968
834	537188	239	893	976
835	538464	179	1050	970
836	538684	139	1046	967
837	539342	100	46	181
838	540418	140	130	720
839	540777	100	106	706
840	541136	239	110	708
841	542272	140	739	620
842	543229	120	718	548
843	543748	100	766	638
844	543927	120	748	625
845	544067	140	763	661
846	544226	120	767	629
847	544505	100	787	688
848	544725	159	766	723
849	544904	239	780	690
850	545323	100	779	706
851	545602	100	791	711
852	545781	120	801	743
853	546519	199	786	735
854	547018	120	790	727
855	547157	897	807	731
856	548294	100	777	705
857	548493	100	803	707
858	548692	160	777	660
859	549131	120	143	717
860	549270	279	121	723
861	549928	120	99	670
862	550208	100	135	700
863	550427	159	136	724
864	550945	120	120	760
865	551105	140	118	751
866	551264	180	129	750
867	551603	100	751	653
868	551882	100	805	723
869	553019	120	848	649
870	553258	100	776	650
871	553816	119	158	742
872	554016	179	125	740
873	554215	160	132	746
874	554394	100	161	775
875	554514	100	155	764
876	555232	179	121	758
877	555830	100	797	675
878	555989	120	806	645
879	556368	199	853	649
880	557285	160	151	721
881	557684	100	112	685
882	558123	100	95	640
883	558621	120	740	661
884	558880	120	787	723
885	559080	180	803	731
886	559857	100	779	644
887	560176	140	822	737
888	560416	140	805	728
889	560735	179	768	726
890	560934	120	797	717
891	561074	359	787	716
892	561512	279	792	722
893	562908	100	280	278
894	563446	100	271	214
895	563805	120	767	726
896	564004	139	788	719
897	564204	100	778	713
898	565779	100	106	672
899	566178	179	134	727
900	566476	100	143	727
901	566616	179	127	732
902	566955	100	123	715
903	567513	159	749	615
904	567992	100	787	616
905	568171	100	763	637
906	568390	100	834	641
907	568949	179	771	687
908	569148	279	791	719
909	570145	199	781	710
910	570544	179	795	710
911	571062	419	791	737
912	572358	100	105	720
913	572557	100	97	721
914	572876	120	96	725
915	573215	179	115	678
916	573594	159	110	677
917	574551	120	146	727
918	574691	100	152	733
919	574810	180	139	721
920	575050	120	587	697
921	575408	160	780	694
922	575588	199	787	690
923	576027	319	793	716
924	576366	100	780	717
925	576884	100	769	698
926	577163	219	774	700
927	578100	120	285	157
928	578598	159	264	164
929	580034	120	270	186
930	580413	140	237	152
931	580592	159	239	126
932	580772	140	236	155
933	582785	159	440	170
934	582965	100	450	154
935	584281	120	250	198
936	585876	180	243	199
937	586115	100	237	201
938	586733	399	795	726
939	587231	259	839	753
940	587510	100	808	747
941	587630	120	822	759
942	588228	179	1141	719
943	588507	140	1130	732
944	588707	179	833	869
945	589863	179	114	712
946	590062	120	149	730
947	590222	160	138	725
948	590601	140	127	715
949	591099	319	116	720
950	591458	120	111	713
951	591797	120	103	710
952	591997	100	115	688
953	592216	100	122	724
954	592435	139	122	720
955	592595	120	124	712
956	592754	120	121	710
957	593651	119	159	733
958	593831	160	104	725
959	594190	100	104	719
960	595107	100	117	715
961	595286	219	164	730
962	595545	140	162	723
963	595705	120	165	737
964	596921	219	176	798
965	597180	140	153	722
966	597898	120	99	657
967	598636	120	770	717
968	598775	299	800	717
969	599373	100	792	719
970	600410	100	795	650
971	600530	120	846	628
972	600669	100	850	614
973	600889	120	807	652
974	601487	100	792	671
975	601686	259	797	671
976	602763	239	829	652
977	603082	160	781	696
978	603261	119	794	673
979	603480	299	799	713
980	603819	219	825	712
981	604956	100	109	217
982	605574	120	50	196
983	606112	120	288	190
984	606312	120	269	184
985	606790	100	407	201
986	606950	100	573	179
987	607308	120	600	190
988	607448	100	584	194
989	607667	179	103	696
990	607986	140	130	723
991	608146	100	121	719
992	608764	100	145	716
993	609043	100	795	783
994	609163	140	785	737
995	609342	219	798	715
996	609900	159	790	720
997	610100	120	791	712
998	610638	199	146	721
999	611555	120	600	184
1000	611834	199	606	179
1001	612532	140	276	195
1002	613030	140	600	181
1003	614546	100	293	217
1004	614765	100	246	206
1005	614925	100	61	222
1006	615224	100	103	230
1007	615961	199	903	981
1008	617038	100	65	220
1009	617217	100	62	238
1010	617377	160	64	229
1011	618194	120	92	210
1012	618653	179	275	195
1013	619311	179	926	978
1014	619510	219	919	985
1015	620108	179	480	667
1016	620527	200	809	799
1017	620946	160	770	847
1018	621444	140	752	636
1019	623238	140	753	588
1020	623956	120	712	600
1021	624634	179	129	632
1022	625791	100	132	638
1023	626648	159	756	673
1024	627246	120	793	611
1025	627445	119	784	595
1026	627944	100	122	654
1027	628303	259	122	656
1028	629579	100	837	602
1029	629838	120	793	617
1030	630177	100	762	638
1031	631393	100	846	636
1032	632031	159	766	647
1033	633865	100	754	582
1034	634144	179	763	597
1035	635859	100	750	609
1036	636138	100	716	620
1037	636477	140	700	589
1038	636995	120	117	667
1039	637853	100	783	635
1040	638192	140	839	628
1041	639368	140	97	627
1042	639767	100	766	639
1043	640165	199	419	197
1044	640684	140	621	207
1045	641082	120	599	220
1046	642538	160	505	229
1047	642717	139	506	233
1048	643375	100	299	206
1049	645250	100	250	223
1050	646007	140	887	966
1051	647303	139	162	679
1052	647622	159	85	664
1053	647802	140	79	709
1054	648260	120	82	542
1055	649217	100	115	619
1056	649416	279	106	608
1057	649855	179	121	592
1058	650094	100	118	623
1059	650393	199	85	582
1060	650792	120	133	637
1061	651051	120	95	620
1062	651211	100	73	636
1063	652008	160	136	641
1064	652287	100	126	644
1065	652407	120	116	639
1066	652566	100	103	634
1067	652726	100	81	619
1068	653105	120	82	318
1069	653843	139	754	648
1070	654241	179	718	612
1071	654600	100	722	634
1072	656275	120	748	628
1073	656514	160	755	610
1074	657272	199	843	642
1075	658129	160	807	669
1076	658847	160	140	647
1077	659266	100	130	626
1078	659904	180	149	666
1079	660422	139	785	609
1080	661219	120	770	592
1081	663393	239	804	638
1082	663851	140	765	635
1083	664669	120	153	677
1084	664888	100	149	661
1085	666184	100	139	684
1086	666523	100	138	663
1087	666722	160	133	659
1088	667101	160	141	675
1089	667280	139	140	663
1090	668118	140	776	661
1091	668277	199	802	676
1092	668796	100	798	645
1093	668975	139	797	654
1094	669872	100	743	606
1095	672225	179	143	605
1096	672504	120	128	586
1097	673282	100	99	589
1098	673800	120	130	632
1099	673979	120	131	640
1100	674578	100	117	644
1101	674717	140	143	635
1102	674976	179	151	641
1103	675235	140	135	644
1104	675514	160	147	691
1105	676173	100	770	640
1106	677189	120	732	575
1107	679402	199	766	659
1108	680858	100	522	200
1109	681436	100	554	219
1110	681855	100	116	227
1111	683210	120	605	241
1112	683410	140	602	234
1113	683569	100	609	237
1114	685304	120	252	213
1115	685483	100	50	215
1116	687437	279	1012	1003
1117	687856	299	919	1005
1118	688195	259	905	994
1119	688853	199	116	712
1120	689391	120	119	673
1121	689690	120	58	615
1122	690089	219	87	643
1123	690348	179	82	629
1124	690567	140	80	610
1125	690727	538	80	612
1126	691684	160	68	614
1127	691923	160	79	614
1128	692342	100	82	643
1129	693578	120	71	611
1130	693857	159	103	635
1131	694575	120	84	639
1132	694734	100	85	627
1133	695512	120	55	292
1134	696110	179	81	624
1135	696568	160	114	693
1136	696788	179	136	732
1137	697246	159	130	691
1138	697605	120	164	717
1139	697745	139	138	719
1140	698742	180	747	714
1141	699001	140	744	719
1142	699200	179	710	687
1143	699818	159	788	749
1144	700097	100	781	756
1145	700217	179	755	762
1146	701234	139	809	809
1147	701453	120	806	804
1148	701692	100	806	813
1149	702191	100	810	807
1150	703188	179	782	790
1151	703387	100	771	777
1152	703586	339	782	799
1153	703945	120	779	800
1154	704185	120	771	734
1155	704822	399	763	809
1156	705620	139	762	774
1157	705899	219	785	755
1158	706218	558	782	779
1159	706876	219	784	787
1160	707115	160	797	785
1161	707494	120	288	337
1162	707674	100	251	298
1163	710026	100	803	744
1164	711023	140	769	804
1165	711482	179	762	847
1166	711681	120	760	850
1167	711821	239	757	873
1168	712080	100	741	871
1169	712239	179	796	867
1170	712439	120	762	871
1171	712838	120	814	864
1172	712977	180	790	870
1173	713176	100	772	874
1174	713396	299	748	874
1175	713774	100	723	681
1176	713894	180	718	713
1177	714173	100	714	723
1178	714333	120	729	767
1179	714592	180	709	718
1180	714811	140	764	724
1181	714971	179	772	715
1182	715609	140	713	675
1183	716466	179	777	744
1184	716666	100	832	732
1185	717363	120	829	750
1186	717583	100	792	775
1187	718221	120	166	724
1188	718380	100	104	691
1189	718719	160	123	682
1190	719497	100	145	719
1191	719776	219	749	721
1192	720254	219	770	746
1193	720753	140	451	259
1194	721450	120	468	251
1195	721849	140	578	261
1196	722706	140	605	283
1197	723205	120	612	281
1198	723384	100	508	293
1199	724202	120	443	254
1200	724660	199	238	271
1201	725059	120	69	298
1202	726216	140	902	953
1203	726893	100	918	965
1204	727671	120	115	691
1205	728429	100	127	694
1206	728628	179	120	722
1207	728967	100	112	723
1208	729226	279	131	741
1209	729864	100	780	746
1210	729984	179	763	736
1211	730183	479	738	716
1212	730741	159	784	751
1213	730981	160	767	753
1214	731220	339	740	726
1215	731579	120	766	715
1216	731718	299	815	726
1217	732237	180	768	791
1218	732476	160	759	811
1219	732755	100	776	781
1220	732875	120	770	783
1221	733034	120	782	826
1222	733433	120	728	673
1223	734470	219	776	778
1224	736424	180	766	860
1225	738298	120	700	673
1226	738716	100	736	737
1227	739095	100	746	755
1228	739294	180	722	745
1229	740192	100	107	703
1230	740710	120	123	739
1231	741428	299	771	762
1232	741886	100	774	745
1233	742504	100	122	737
1234	742804	100	107	757
1235	743222	100	115	715
1236	743681	100	117	635
1237	743800	319	123	672
1238	744398	120	125	712
1239	744917	100	98	326
1240	745734	180	537	318
1241	746173	140	601	299
1242	746392	120	592	334
1243	746970	100	498	324
1244	748027	219	244	305
1245	748565	199	872	878
1246	748845	100	917	859
1247	749403	160	878	957
1248	750420	100	122	776
1249	750599	120	77	602
1250	750739	100	97	618
1251	750958	100	116	602
1252	751436	100	114	634
1253	751955	100	63	638
1254	752254	100	104	598
1255	752433	100	95	606
1256	753809	120	117	609
1257	754088	299	137	633
1258	754407	160	129	633
1259	754646	100	82	621
1260	755623	120	732	607
1261	756042	100	769	606
1262	756281	299	734	648
1263	756620	139	713	639
1264	758016	100	263	322
1265	758375	120	78	337
1266	760129	100	578	283
1267	760707	140	437	293
1268	760907	120	427	262
1269	761166	120	422	288
1270	762602	120	859	940
1271	764197	119	99	683
1272	765413	100	698	579
1273	766290	140	747	635
1274	766509	299	778	613
1275	767127	239	779	662
1276	767386	100	761	672
1277	767885	219	762	671
1278	768224	100	769	621
1279	768403	160	747	591
1280	768882	199	777	708
1281	769918	199	739	625
1282	770138	179	754	628
1283	770417	160	772	623
1284	771155	120	135	692
1285	772191	219	111	605
1286	772431	140	121	613
1287	772610	100	124	610
1288	772770	100	136	622
1289	772909	100	124	620
1290	773607	239	272	200
1291	773866	120	263	240
1292	774903	100	574	182
1293	775023	159	601	202
1294	775222	100	589	235
1295	775780	160	489	272
1296	775979	120	501	260
1297	776398	140	264	202
1298	777256	100	160	201
1299	777475	100	99	214
1300	778412	120	269	189
1301	778631	199	282	205
1302	780605	179	94	663
1303	781303	100	121	599
1304	781542	159	38	585
1305	781722	160	56	586
1306	782140	100	720	561
1307	782260	120	730	579
1308	782499	159	91	595
1309	784134	100	715	559
1310	784254	179	726	560
1311	784712	180	713	599
1312	784931	179	709	571
1313	785151	120	725	644
1314	785290	120	725	632
1315	786806	100	108	560
1316	787224	179	112	553
1317	787763	100	114	569
1318	788381	179	719	574
1319	788660	100	701	570
1320	789856	100	741	560
1321	790534	179	767	617
1322	790753	100	768	631
1323	791012	179	731	610
1324	791770	120	771	619
1325	791969	100	817	620
1326	792368	120	788	711
1327	792508	199	789	718
1328	792966	180	837	729
1329	793285	180	797	733
1330	793664	100	734	608
1331	794103	239	764	602
1332	794960	120	748	539
1333	796495	100	130	596
1334	797073	100	71	595
1335	797472	159	94	629
1336	798968	100	743	625
1337	799386	140	83	545
1338	800423	100	65	525
1339	801400	100	87	512
1340	802098	100	97	464
1341	803713	100	477	469
1342	804072	100	465	507
1343	805248	120	737	582
1344	805387	120	723	587
1345	805746	140	738	602
1346	806424	180	749	639
1347	806922	140	746	673
1348	807182	120	749	677
1349	807501	100	755	668
1350	807700	180	766	754
1351	808178	100	796	749
1352	808797	100	98	620
1353	810172	100	104	248
1354	810970	120	383	246
1355	811109	219	323	245
1356	811847	140	72	205
1357	812306	100	52	245
1358	812565	120	59	265
1359	813721	120	431	308
1360	813881	159	426	309
1361	814260	120	689	954
1362	814459	179	782	989
1363	814858	199	905	981
1364	815197	279	886	975
1365	816712	100	97	606
1366	816991	100	116	617
1367	817350	160	90	617
1368	818127	100	745	587
1369	818367	120	718	614
1370	819423	120	736	547
1371	819563	140	736	562
1372	820261	100	759	583
1373	821836	100	95	573
1374	821955	100	71	561
1375	823909	160	66	590
1376	824428	179	68	606
1377	825026	120	103	617
1378	826003	100	123	637
1379	826681	199	136	665
1380	827358	120	140	670
1381	828016	160	154	698
1382	828495	140	780	683
1383	828894	140	741	654
1384	829133	100	779	662
1385	831505	100	713	598
1386	831804	160	746	638
1387	832582	219	142	647
1388	832861	100	135	626
1389	833380	100	738	618
1390	833619	100	715	625
1391	833838	120	779	616
1392	834077	140	786	627
1393	834476	259	125	628
1394	835114	140	135	603
1395	836071	179	155	636
1396	836270	120	142	646
1397	836609	199	170	638
1398	837267	239	772	598
1399	837746	100	765	571
1400	838005	239	785	611
1401	838802	140	857	643
1402	839121	120	795	647
1403	839440	140	859	648
1404	839600	159	870	638
1405	840418	120	154	638
1406	840756	120	148	663
1407	842032	100	752	594
1408	842252	399	750	602
1409	843149	120	801	614
1410	844963	120	338	206
1411	845262	100	272	242
1412	847336	100	59	253
1413	848034	100	68	233
1414	849389	219	51	264
1415	849948	199	116	503
1416	850346	259	229	488
1417	850626	119	229	486
1418	850765	100	72	477
1419	852739	339	125	614
1420	853098	120	132	637
1421	853237	140	129	622
1422	853556	259	129	617
1423	854095	120	136	622
1424	854234	279	138	612
1425	854533	100	132	605
1426	854852	160	150	612
1427	855949	179	133	609
1428	856806	120	128	579
1429	857264	120	117	574
1430	857404	100	142	592
1431	858959	100	137	593
1432	859099	199	100	587
1433	861412	120	284	565
1434	861591	100	290	589
1435	862050	100	295	578
1436	862967	100	312	602
1437	863884	199	283	602
1438	864183	239	284	606
1439	864442	179	287	615
1440	864701	180	298	640
1441	867612	120	936	979
1442	867891	179	929	1038
1443	868450	100	88	623
1444	868689	199	116	632
1445	869048	100	173	632
1446	869267	160	105	620
1447	869586	100	175	636
1448	870463	379	115	621
1449	870902	140	138	624
1450	871320	100	108	621
1451	871460	180	121	631
1452	872218	100	204	650
1453	872537	120	773	605
1454	872995	439	110	616
1455	873554	120	127	614
1456	873793	179	118	586
1457	876145	120	417	437
1458	877023	159	752	978
1459	877282	199	905	998
1460	877661	100	253	565
1461	878299	100	196	654
1462	878478	120	114	654
1463	878638	139	123	665
1464	879076	100	80	589
1465	879415	120	806	650
1466	879774	100	674	501
1467	880611	120	801	651
1468	881010	120	775	621
1469	881449	179	712	605
1470	882585	100	109	575
1471	882964	160	93	604
1472	883283	179	126	648
1473	883622	120	80	645
1474	884001	120	94	600
1475	884340	120	167	673
1476	884559	100	150	663
1477	884798	259	161	662
1478	885097	219	140	652
1479	885336	179	139	656
1480	885536	100	116	662
1481	885735	100	75	642
1482	886014	100	193	677
1483	886632	100	751	613
1484	887669	100	149	705
1485	887869	159	181	729
1486	888387	140	797	683
1487	889025	100	152	708
1488	889464	120	172	695
1489	889623	140	158	701
1490	890341	100	783	657
1491	890461	179	785	666
1492	891418	100	109	653
1493	891597	120	120	628
1494	893152	179	116	607
1495	893411	140	105	605
1496	894348	100	223	655
1497	894647	100	114	670
1498	895026	100	110	621
1499	895425	120	129	684
1500	895883	219	80	618
1501	897977	100	821	634
1502	898814	160	131	656
1503	900449	160	88	234
1504	900848	179	249	214
1505	901386	100	428	249
1506	901586	120	113	224
1507	902582	239	126	629
1508	902842	120	143	648
1509	904975	159	142	651
1510	905733	199	766	618
1511	906291	120	874	625
1512	907368	140	136	673
1513	908464	100	717	551
1514	908624	100	782	596
1515	908763	140	774	574
1516	908923	100	722	569
1517	909242	100	727	595
1518	909421	239	760	621
1519	910797	120	731	592
1520	911136	120	112	625
1521	911853	120	71	619
1522	913289	219	96	605
1523	914685	239	733	613
1524	915342	120	748	621
1525	915682	140	761	673
1526	916000	100	723	583
1527	916220	120	730	591
1528	916459	120	722	580
1529	916997	140	66	553
1530	918194	219	103	572
1531	919689	100	733	584
1532	920187	100	769	596
1533	921104	160	863	598
1534	922181	100	891	654
1535	922679	100	810	666
1536	922879	120	856	678
1537	923018	279	819	688
1538	923537	120	794	690
1539	923676	100	785	675
1540	923816	160	779	639
1541	924015	140	789	645
1542	924195	179	856	664
1543	924394	160	858	655
1544	924573	299	790	661
1545	924912	159	842	669
1546	925271	179	153	619
1547	925929	120	87	547
1548	926866	200	119	585
1549	927484	120	134	589
1550	928920	120	841	642
1551	929319	120	793	652
1552	931552	100	722	538
1553	932409	219	728	582
1554	932648	199	722	559
1555	932868	100	721	555
1556	933087	100	703	581
1557	933685	160	728	609
1558	934303	159	746	615
1559	934682	100	120	578
1560	935738	179	85	558
1561	936097	140	50	534
1562	936636	180	109	596
1563	937034	279	100	573
1564	937433	120	95	542
1565	938231	160	726	599
1566	938430	120	741	612
1567	939228	139	754	677
1568	939566	100	705	562
1569	940065	160	704	601
1570	942438	120	107	554
1571	942856	100	113	547
1572	944431	159	111	648
1573	944670	120	112	650
1574	944950	179	399	198
1575	945209	199	445	83
1576	945628	199	439	94
1577	946006	100	82	255
1578	946246	140	56	289
1579	946425	200	54	356
1580	948299	180	828	993
1581	948758	159	862	950
1582	949136	140	147	681
1583	949535	100	111	565
1584	950213	100	113	590
1585	950333	100	104	578
1586	950492	140	96	566
1587	951649	160	108	547
1588	952765	120	137	580
1589	953742	120	169	601
1590	953942	100	163	626
1591	954061	120	161	617
1592	954460	120	106	621
1593	954679	139	111	624
1594	954839	179	99	620
1595	955058	459	106	627
1596	955796	219	120	629
1597	956134	379	109	625
1598	956633	219	109	628
1599	957131	100	78	579
1600	957251	120	65	563
1601	957450	199	69	545
1602	957670	160	58	516
1603	957849	120	39	512
1604	957989	160	41	513
1605	958866	100	227	504
1606	960262	100	239	612
1607	960979	100	251	617
1608	962036	120	279	615
1609	962176	160	277	613
1610	962355	459	286	614
1611	962913	100	283	613
1612	963850	100	886	960
1613	964468	120	254	615
1614	964807	120	951	1014
1615	965386	100	95	575
1616	965665	120	1015	938
1617	966482	159	729	638
1618	967060	119	734	589
1619	967559	100	84	565
1620	967798	139	105	601
1621	968675	100	85	569
1622	968815	120	90	577
1623	969812	100	762	634
1624	970410	160	100	601
1625	970589	100	97	584
1626	972324	100	490	2
1627	972663	120	480	9
1628	973301	140	70	551
1629	973939	100	69	566
1630	974098	100	70	538
1631	974437	259	102	607
1632	974736	100	139	595
1633	975215	459	88	621
1634	975713	299	114	630
1635	976032	160	108	621
1636	976212	120	135	652
1637	976750	120	128	635
1638	976989	179	125	640
1639	977188	100	128	622
1640	977308	120	147	647
1641	977547	120	138	643
1642	978066	100	239	617
1643	980279	100	747	959
1644	980698	180	893	983
1645	980897	160	898	985
1646	981515	100	110	611
1647	981974	140	973	991
1648	982671	199	760	679
1649	982970	100	733	645
1650	983090	100	748	634
1651	983289	100	746	621
1652	983409	159	741	617
1653	983608	100	754	622
1654	983967	179	735	622
1655	984306	179	741	607
1656	984506	180	721	589
1657	986160	100	55	585
1658	986320	199	81	579
1659	986758	140	118	576
1660	987157	179	80	593
1661	987536	120	67	587
1662	987735	219	62	612
1663	988413	279	141	639
1664	988732	159	155	653
1665	989111	199	142	639
1666	989410	120	103	598
1667	989968	120	126	621
1668	990148	100	124	638
1669	990427	100	122	647
1670	990547	339	129	646
1671	991105	120	135	648
1672	991723	100	701	608
1673	991902	100	752	663
1674	992999	120	735	634
1675	993458	159	743	629
1676	993996	120	770	612
1677	994813	100	814	642
1678	995033	159	772	643
1679	995551	120	110	633
1680	995890	180	757	653
1681	996189	379	825	671
1682	996847	160	788	672
1683	997046	159	816	690
1684	997824	199	845	668
1685	998282	100	478	295
1686	998482	100	84	254
1687	998741	100	78	312
1688	998880	100	51	270
1689	999000	179	48	316
1690	1001134	140	37	519
1691	1001851	100	38	543
1692	1003267	179	96	638
1693	1003466	279	103	641
1694	1003785	299	111	657
1695	1004204	259	107	658
1696	1004483	159	116	661
1697	1005181	199	122	652
1698	1005400	159	145	649
1699	1005839	100	128	608
1700	1006018	139	138	627
1701	1007832	100	250	634
1702	1008191	140	245	646
1703	1008351	179	246	623
1704	1008550	120	251	626
1705	1009487	179	258	654
1706	1009986	179	268	653
1707	1010604	160	285	655
1708	1012019	100	272	667
1709	1012199	100	261	643
1710	1012677	100	276	662
1711	1013176	100	309	645
1712	1013495	219	285	661
1713	1013913	100	291	657
1714	1014771	100	331	648
1715	1032156	100	320	585
1716	1032874	120	320	606
1717	1033173	120	237	595
1718	1033352	100	93	592
1719	1033492	199	112	588
1720	1033751	120	123	597
1721	1034489	139	875	994
1722	1035306	160	110	643
1723	1036124	120	128	666
1724	1036283	200	140	658
1725	1036682	100	95	587
1726	1036842	319	146	642
1727	1037300	100	132	624
1728	1037480	100	124	627
1729	1037739	239	139	649
1730	1038516	139	753	624
1731	1038676	179	744	613
1732	1038975	100	744	626
1733	1039094	199	824	616
1734	1039314	100	769	642
1735	1039573	100	786	647
1736	1039752	200	840	653
1737	1040570	179	142	679
1738	1041028	100	339	274
1739	1041288	160	104	659
1740	1043202	100	110	619
1741	1043740	140	67	556
1742	1044158	100	133	608
1743	1044797	139	120	579
1744	1044976	100	127	593
1745	1045315	140	123	580
1746	1045654	199	127	587
1747	1045893	100	128	573
1748	1046013	120	132	587
1749	1046152	319	113	599
1750	1046531	100	94	619
1751	1046651	219	77	615
1752	1047050	160	288	612
1753	1047986	160	86	627
1754	1048166	100	73	594
1755	1048385	160	88	611
1756	1048664	120	85	620
1757	1048804	339	73	610
1758	1050459	100	98	615
1759	1050578	319	79	596
1760	1050917	140	103	630
1761	1051535	100	114	628
1762	1051894	140	125	658
1763	1053370	100	286	640
1764	1053509	100	271	646
1765	1055682	120	180	618
1766	1056480	120	967	974
1767	1056898	100	159	627
1768	1057138	100	700	711
1769	1058155	140	750	640
1770	1058334	159	825	663
1771	1058872	100	768	665
1772	1058992	319	771	638
1773	1059331	160	794	639
1774	1059670	180	750	622
1775	1060408	120	749	611
1776	1060946	120	832	623
1777	1061245	119	755	619
1778	1061464	179	801	636
1779	1062002	140	764	626
1780	1062182	140	723	604
1781	1062601	140	821	609
1782	1062980	100	805	640
1783	1063458	120	700	582
1784	1063598	120	769	598
1785	1064335	100	163	621
1786	1065133	140	744	630
1787	1065572	140	466	263
1788	1066249	160	440	246
1789	1066827	100	278	571
1790	1067326	120	361	604
1791	1067764	100	349	586
1792	1067884	120	360	584
1793	1068662	179	359	563
1794	1069180	239	362	597
1795	1070436	120	88	612
1796	1070815	120	254	577
1797	1071932	120	193	549
1798	1073526	100	236	563
1799	1075102	140	725	957
1800	1075460	120	843	986
1801	1075660	259	842	976
1802	1076398	100	166	609
1803	1076656	120	122	616
1804	1076796	100	112	619
1805	1077713	160	111	616
1806	1078710	140	102	612
1807	1079248	219	75	596
1808	1079508	140	71	597
1809	1080445	179	768	639
1810	1080644	100	739	613
1811	1081302	140	817	622
1812	1081482	100	754	637
1813	1081761	120	102	635
1814	1082179	120	94	593
1815	1082438	180	67	605
1816	1083017	100	86	621
1817	1083296	199	121	629
1818	1084113	179	761	646
1819	1085688	538	772	650
1820	1086506	120	821	629
1821	1086705	140	774	634
1822	1087104	120	849	635
1823	1087303	120	855	645
1824	1089078	140	92	619
1825	1089237	100	101	632
1826	1089397	179	98	605
1827	1089736	219	110	624
1828	1091271	159	747	618
1829	1091729	100	697	577
1830	1092387	120	774	644
1831	1092826	100	130	668
1832	1092946	100	131	657
1833	1093145	100	722	641
1834	1093723	140	119	636
1835	1094580	120	836	626
1836	1094820	100	839	626
1837	1095039	120	799	633
1838	1095418	140	828	646
1839	1096036	419	132	652
1840	1098927	100	135	641
1841	1099166	100	137	653
1842	1099326	179	127	668
1843	1100123	100	805	703
1844	1101100	279	747	669
1845	1101598	140	756	690
1846	1101798	219	754	696
1847	1102097	180	737	633
1848	1102555	120	831	662
1849	1103214	100	132	660
1850	1103452	120	136	676
1851	1103911	160	144	659
1852	1104090	120	146	660
1853	1104529	259	752	665
1854	1105586	120	132	693
1855	1106064	219	767	680
1856	1106583	179	750	675
1857	1107420	239	126	692
1858	1107839	140	142	699
1859	1108278	179	142	697
1860	1108676	140	776	680
1861	1108836	120	768	658
1862	1109773	279	44	223
1863	1110271	120	43	267
1864	1110790	160	262	253
1865	1111507	100	892	982
1866	1111627	219	884	989
1867	1111886	100	877	1001
1868	1113282	199	133	706
1869	1113820	100	108	673
1870	1113940	100	133	687
1871	1114737	100	128	727
1872	1114956	259	142	730
1873	1115554	179	130	719
1874	1115934	179	129	735
1875	1116751	199	128	737
1876	1116990	179	129	745
1877	1117449	199	147	741
1878	1117788	239	138	739
1879	1118525	100	783	661
1880	1118944	179	798	638
1881	1119562	140	827	683
1882	1119921	319	766	674
1883	1121317	100	764	657
1884	1122074	120	848	646
1885	1122513	100	812	691
1886	1124108	100	50	205
1887	1124247	140	46	217
1888	1124526	179	56	217
1889	1125264	120	49	268
1890	1125444	160	65	289
1891	1126401	180	127	710
1892	1126799	140	154	734
1893	1127059	119	724	605
1894	1127497	199	782	677
1895	1127717	120	758	647
1896	1128614	100	240	278
1897	1129551	199	42	305
1898	1129930	100	65	381
1899	1130229	159	73	341
1900	1130887	140	434	334
1901	1131485	219	871	982
1902	1131784	179	876	975
1903	1132003	100	875	990
1904	1132282	140	976	970
1905	1133179	120	190	607
1906	1133319	140	117	635
1907	1133638	120	82	621
1908	1133817	140	124	727
1909	1134615	140	88	716
1910	1135133	120	818	727
1911	1135452	100	767	704
1912	1135811	179	772	716
1913	1136050	120	760	704
1914	1136350	100	779	717
1915	1136628	100	101	708
1916	1137087	140	113	723
1917	1137665	120	742	656
1918	1137845	100	711	655
1919	1138263	160	772	684
1920	1138463	100	783	676
1921	1139001	120	748	677
1922	1139141	179	777	681
1923	1139659	100	750	690
1924	1139938	199	141	713
1925	1140197	120	126	704
1926	1140457	100	120	724
1927	1140696	140	135	729
1928	1141354	100	778	692
1929	1141872	100	137	737
1930	1142370	140	756	657
1931	1142670	120	772	673
1932	1143088	319	136	730
1933	1143766	140	781	700
1934	1143946	100	768	693
1935	1144165	160	771	662
1936	1144424	120	815	686
1937	1144923	120	775	685
1938	1145561	100	763	749
1939	1146258	140	87	310
1940	1146976	160	777	701
1941	1150186	140	782	769
1942	1150585	179	752	774
1943	1151163	339	798	776
1944	1151522	100	817	790
1945	1151721	120	775	766
1946	1153914	339	151	756
1947	1154373	219	194	775
1948	1154612	140	164	769
1949	1155071	160	181	752
1950	1155250	140	176	752
1951	1155808	279	765	690
1952	1156367	179	762	629
1953	1157603	179	753	671
1954	1157822	120	185	745
1955	1157962	120	177	747
1956	1158560	219	778	745
1957	1158819	120	792	791
1958	1159178	139	791	783
1959	1159357	140	778	678
1960	1159537	339	784	703
1961	1160673	100	809	739
1962	1160793	160	785	747
1963	1163006	100	748	642
1964	1163644	339	731	676
1965	1164182	120	802	689
1966	1164342	459	783	703
1967	1164880	199	754	693
1968	1165219	219	761	701
1969	1165478	119	767	695
1970	1165618	179	764	702
1971	1165877	100	753	702
1972	1166176	120	731	687
1973	1167073	120	98	682
1974	1167213	140	112	645
1975	1167871	100	783	697
1976	1168210	100	147	700
1977	1168369	100	102	660
1978	1168668	120	121	663
1979	1169565	140	115	716
1980	1169904	100	131	716
1981	1170164	239	128	719
1982	1170462	100	149	725
1983	1170682	179	128	719
1984	1171021	140	128	724
1985	1171280	219	155	735
1986	1171798	100	134	725
1987	1171918	319	150	714
1988	1172257	120	136	741
1989	1172396	199	144	740
1990	1172616	219	161	765
1991	1172895	259	161	769
1992	1173194	140	156	749
1993	1173373	100	160	766
1994	1173593	140	128	745
1995	1173952	399	745	695
1996	1175048	120	735	691
1997	1175327	120	145	732
1998	1175606	120	114	698
1999	1176145	120	769	696
2000	1176304	120	754	709
2001	1177401	339	90	579
2002	1177760	159	101	588
2003	1179375	120	109	612
2004	1179893	120	60	604
2005	1180591	100	102	630
2006	1180830	239	115	637
2007	1181408	239	231	648
2008	1181667	738	258	649
2009	1182724	239	267	650
2010	1183003	339	269	640
2011	1183761	100	257	623
2012	1184060	100	275	614
2013	1184778	319	149	608
2014	1185456	100	276	604
2015	1185954	140	881	998
2016	1187668	120	759	702
2017	1187808	239	765	698
2018	1188586	279	759	705
2019	1189004	279	773	683
2020	1189363	100	747	679
2021	1189602	239	782	691
2022	1190081	120	705	668
2023	1190460	120	775	691
2024	1190759	120	741	689
2025	1191217	120	783	702
2026	1191377	818	803	725
2027	1192752	100	793	753
2028	1192952	140	856	765
2029	1193151	120	845	773
2030	1193690	239	148	751
2031	1193949	100	128	718
2032	1194407	100	131	701
2033	1194706	139	133	694
2034	1195085	100	121	693
2035	1195544	100	818	745
2036	1195664	179	783	722
2037	1196341	100	177	730
2038	1196461	120	160	717
2039	1196760	100	163	726
2040	1197637	299	794	736
2041	1197976	180	804	730
2042	1199392	219	159	734
2043	1199950	100	778	709
2044	1200149	100	811	733
2045	1200269	179	823	755
2046	1200488	239	823	752
2047	1200768	179	818	752
2048	1200967	140	806	771
2049	1201226	100	281	329
2050	1201844	120	74	319
2051	1203120	100	94	428
2052	1203340	120	240	417
2053	1204256	100	722	939
2054	1204456	100	856	986
2055	1204934	299	71	415
2056	1205572	140	423	468
2057	1207367	120	248	470
2058	1207526	120	103	477
2059	1207965	359	854	989
2060	1208862	219	151	736
2061	1209241	100	166	730
2062	1209460	120	160	718
2063	1210138	379	789	726
2064	1210537	160	820	756
2065	1210736	180	809	755
2066	1211294	279	148	712
2067	1212550	319	802	728
2068	1212890	179	803	752
2069	1213348	120	855	741
2070	1213587	100	806	754
2071	1213707	179	815	754
2072	1213986	120	814	763
2073	1214185	239	827	753
2074	1214445	239	844	757
2075	1214704	160	801	753
2076	1215003	180	149	743
2077	1215382	120	126	714
2078	1215581	299	144	715
2079	1216398	239	150	689
2080	1216698	120	329	316
2081	1218053	140	408	396
2082	1219409	159	237	381
2083	1219987	100	266	407
2084	1221204	120	64	413
2085	1222200	179	617	434
2086	1223177	199	509	474
2087	1223676	140	437	440
2088	1225290	140	279	413
2089	1225630	219	878	923
2090	1225988	160	887	990
2091	1226168	140	881	980
2092	1226367	139	870	986
2093	1226527	100	830	902
2094	1227224	419	888	932
2095	1227763	140	872	939
2096	1228162	140	136	697
2097	1228660	139	806	750
2098	1228859	239	775	784
2099	1229318	100	175	704
2100	1229657	100	783	724
2101	1229776	120	786	704
2102	1230614	239	751	718
2103	1230953	159	794	718
2104	1232069	100	153	698
2105	1232428	199	162	704
2106	1232767	140	169	691
2107	1233126	120	779	720
2108	1233644	120	829	744
2109	1233864	239	827	745
2110	1234462	100	778	725
2111	1235838	259	797	721
2112	1236176	159	762	712
2113	1238190	120	783	723
2114	1238449	120	789	752
2115	1238688	100	835	749
2116	1239127	140	788	721
2117	1239446	139	174	711
2118	1239805	100	159	714
2119	1240104	100	765	667
2120	1240383	180	797	711
2121	1241580	180	767	683
2122	1242875	100	123	724
2123	1243194	199	177	735
2124	1243792	100	128	721
2125	1244211	120	123	712
2126	1244750	139	187	725
2127	1244969	120	704	721
2128	1245148	199	806	753
2129	1245547	100	795	743
2130	1245666	359	817	754
2131	1246763	100	94	726
2132	1246903	160	88	721
2133	1247222	140	139	737
2134	1247601	179	128	751
2135	1247999	179	146	753
2136	1248378	179	197	777
2137	1248757	159	136	759
2138	1249335	179	808	777
2139	1249654	159	807	790
2140	1250332	239	766	707
2141	1250791	160	782	699
2142	1251150	100	783	690
2143	1251887	120	826	662
2144	1252864	120	846	639
2145	1254060	120	782	697
2146	1254399	439	784	721
2147	1254918	199	775	732
2148	1255177	100	798	731
2149	1255496	179	801	750
2150	1255795	199	790	771
2151	1256234	100	731	597
2152	1256632	140	755	635
2153	1257151	279	132	737
2154	1257490	120	189	744
2155	1257629	140	156	741
2156	1258407	100	740	622
2157	1259025	279	164	777
2158	1259384	299	161	765
2159	1260321	139	785	680
2160	1261358	100	741	643
2161	1261597	100	779	672
2162	1261776	279	783	695
2163	1262075	179	699	642
2164	1262334	120	692	638
2165	1262873	120	108	770
2166	1263112	379	108	771
2167	1264228	180	753	742
2168	1264727	120	142	695
2169	1264886	120	729	667
2170	1265126	180	743	650
2171	1265684	120	714	617
2172	1266162	179	749	621
2173	1266362	140	726	603
2174	1266661	100	730	591
2175	1267398	140	769	624
2176	1269950	100	777	618
2177	1270190	140	769	610
2178	1270389	160	779	606
2179	1270668	120	860	608
2180	1271067	120	811	633
2181	1271246	120	791	659
2182	1271705	120	781	678
2183	1271865	179	763	674
2184	1272243	279	727	681
2185	1272542	100	769	680
2186	1272961	100	827	707
2187	1273140	100	814	715
2188	1273280	140	787	722
2189	1273499	279	816	745
2190	1274456	100	810	716
2191	1275553	159	728	573
2192	1276031	199	710	555
2193	1276350	179	693	562
2194	1276550	100	693	537
2195	1277786	160	443	266
2196	1278544	100	206	438
2197	1279241	159	80	528
2198	1280617	100	65	583
2199	1281135	100	310	594
2200	1281754	160	259	585
2201	1282232	159	76	600
2202	1283010	379	897	981
2203	1284345	120	94	755
2204	1284485	100	125	776
2205	1285263	140	120	733
2206	1285422	100	92	714
2207	1287655	120	750	665
2208	1288612	140	754	668
2209	1288851	100	774	648
2210	1289210	120	777	678
2211	1289469	100	732	709
2212	1289689	339	773	720
2213	1290087	478	789	732
2214	1290885	120	791	719
2215	1291024	120	806	725
2216	1291722	658	781	732
2217	1292460	120	771	740
2218	1292699	140	816	756
2219	1292958	100	845	764
2220	1293297	199	771	759
2221	1294075	100	134	794
2222	1294554	538	212	805
2223	1295112	259	219	810
2224	1295391	100	212	817
2225	1295650	199	499	781
2226	1295889	160	458	759
2227	1296148	179	464	826
2228	1296507	120	793	764
2229	1296986	100	460	797
2230	1297105	359	465	807
2231	1297684	140	453	817
2232	1298561	100	463	830
2233	1298780	239	456	876
2234	1299159	219	461	884
2235	1299538	100	455	838
2236	1299677	179	456	829
2237	1299877	179	450	810
2238	1300076	458	433	791
2239	1300634	100	476	682
2240	1300993	120	430	731
2241	1301133	179	439	732
2242	1301392	160	582	717
2243	1301671	160	586	666
2244	1301930	100	591	674
2245	1302150	219	621	697
2246	1302468	140	481	791
2247	1302827	120	466	820
2248	1303067	180	475	796
2249	1303326	219	482	826
2250	1303565	299	474	760
2251	1304084	140	464	726
2252	1304482	239	477	750
2253	1304741	219	468	765
2254	1305020	139	466	741
2255	1305419	100	471	737
2256	1305619	100	459	758
2257	1305738	160	461	806
2258	1306336	159	452	860
2259	1306516	179	460	837
2260	1306875	120	436	870
2261	1307014	119	441	865
2262	1307214	100	448	899
2263	1307353	120	457	882
2264	1307812	120	449	715
2265	1308051	239	439	765
2266	1308569	239	490	788
2267	1309407	100	1108	812
2268	1309626	120	1075	745
2269	1309925	259	788	753
2270	1310264	140	809	756
2271	1314092	180	464	754
2272	1314331	100	483	727
2273	1315089	100	804	741
2274	1315248	219	816	757
2275	1315986	120	820	753
2276	1317282	219	751	734
2277	1317521	140	773	742
2278	1317681	120	778	754
2279	1318000	160	129	748
2280	1318279	239	150	748
2281	1318558	100	147	747
2282	1318797	259	144	755
2283	1319136	100	149	746
2284	1319475	578	134	738
2285	1320073	379	150	744
2286	1320711	139	146	780
2287	1320871	159	138	790
2288	1321050	100	121	791
2289	1321349	100	134	814
2290	1321628	279	128	794
2291	1322047	239	137	781
2292	1322306	119	143	782
2293	1322466	259	126	786
2294	1322964	139	463	613
2295	1323802	140	809	783
2296	1324161	179	800	767
2297	1324878	140	795	785
2298	1325038	279	837	767
2299	1325357	120	833	779
2300	1325636	100	163	799
2301	1325795	179	131	791
2302	1325995	180	139	779
2303	1326194	319	145	781
2304	1326752	179	161	787
2305	1327550	120	301	334
2306	1328387	120	108	597
2307	1328985	100	113	632
2308	1329304	199	129	661
2309	1330042	139	95	641
2310	1330202	219	89	669
2311	1330441	179	89	670
2312	1331019	140	97	646
2313	1331178	100	95	645
2314	1331378	100	107	671
2315	1331498	219	122	668
2316	1331757	219	134	677
2317	1332694	140	231	642
2318	1333531	140	254	662
2319	1334169	100	219	648
2320	1334548	120	240	668
2321	1334688	120	264	689
2322	1334947	160	236	680
2323	1335744	179	232	694
2324	1336243	100	244	695
2325	1336661	140	265	689
2326	1337319	120	259	623
2327	1337718	219	253	639
2328	1338017	100	255	637
2329	1338236	160	250	632
2330	1338934	120	289	668
2331	1342662	100	852	797
2332	1342862	279	835	778
2333	1343779	100	802	760
2334	1344178	120	260	630
2335	1344497	100	316	648
2336	1344756	100	884	779
2337	1345653	140	129	734
2338	1346889	100	122	726
2339	1347069	160	127	749
2340	1347447	100	759	736
2341	1347567	259	794	763
2342	1348066	100	788	773
2343	1348205	120	773	762
2344	1348365	120	772	763
2345	1348863	279	803	782
2346	1349162	100	798	784
2347	1349441	120	793	764
2348	1349940	100	806	748
2349	1350159	199	808	764
2350	1350398	140	812	753
2351	1350657	179	810	773
2352	1351076	100	135	727
2353	1351355	179	137	732
2354	1352452	100	143	717
2355	1352572	140	135	707
2356	1352950	140	122	675
2357	1353768	179	133	687
2358	1354924	120	704	773
2359	1355064	179	791	766
2360	1356479	120	821	688
2361	1356838	120	766	666
2362	1357217	120	773	650
2363	1358553	219	757	681
2364	1359749	120	738	626
2365	1360407	100	754	716
2366	1360965	119	140	663
2367	1361643	239	133	678
2368	1362361	279	772	724
2369	1362700	100	779	738
2370	1362899	120	800	732
2371	1363118	100	762	729
2372	1363238	180	751	732
2373	1366508	160	149	765
2374	1367584	100	121	731
2375	1367884	279	137	740
2376	1368282	199	128	748
2377	1368681	100	766	662
2378	1369219	180	174	778
2379	1370057	100	178	766
2380	1370176	140	167	762
2381	1370635	339	205	762
2382	1371273	120	763	660
2383	1372030	119	764	662
2384	1372270	180	797	677
2385	1373107	159	761	650
2386	1373286	100	755	688
2387	1373885	199	755	694
2388	1374184	179	774	701
2389	1374562	100	738	657
2390	1374682	179	738	645
2391	1375141	139	765	684
2392	1375300	100	766	682
2393	1375500	179	800	699
2394	1376038	120	789	688
2395	1376935	180	100	750
2396	1377134	100	137	742
2397	1377593	120	771	692
2398	1378171	100	785	695
2399	1378750	100	824	728
2400	1379048	100	822	717
2401	1379168	140	747	680
2402	1379587	120	145	775
2403	1379886	219	157	758
2404	1380265	160	166	762
2405	1381421	140	837	720
2406	1382378	140	808	710
2407	1383255	100	127	781
2408	1384192	139	787	729
2409	1384352	219	796	720
2410	1385010	100	171	760
2411	1385209	100	134	768
2412	1387302	100	150	729
2413	1387442	140	132	712
2414	1388000	120	131	753
2415	1388140	160	125	756
2416	1388818	100	781	690
2417	1388938	219	816	686
2418	1389476	140	783	683
2419	1390253	100	198	738
2420	1390592	100	144	771
2421	1390752	139	137	769
2422	1391868	100	109	751
2423	1393184	160	120	720
2424	1393583	100	717	618
2425	1394301	100	739	621
2426	1394580	120	763	633
2427	1394719	140	793	631
2428	1395676	100	195	661
2429	1396055	100	191	670
2430	1396434	120	760	670
2431	1396873	179	159	691
2432	1397570	180	725	647
2433	1398168	199	842	671
2434	1400561	139	828	654
2435	1401119	140	129	681
2436	1401558	239	785	662
2437	1402216	120	130	685
2438	1402455	100	99	301
2439	1402974	100	876	678
2440	1403272	259	761	650
2441	1403711	120	820	662
2442	1403851	199	771	675
2443	1404070	160	760	645
2444	1404349	120	762	639
2445	1405147	179	774	695
2446	1405545	279	171	683
2447	1406582	140	78	314
2448	1407081	140	52	266
2449	1407738	120	40	310
2450	1408935	100	61	425
2451	1409334	140	87	607
2452	1409652	100	74	604
2453	1410051	100	103	622
2454	1410171	199	87	618
2455	1411287	120	88	628
2456	1411566	100	69	629
2457	1411866	179	68	638
2458	1412504	219	83	654
2459	1412842	339	96	672
2460	1413221	100	71	654
2461	1413381	180	85	665
2462	1413620	100	80	658
2463	1414457	100	143	702
2464	1414717	179	150	696
2465	1415076	140	151	691
2466	1415574	140	143	682
2467	1415833	160	141	682
2468	1416312	140	137	682
2469	1416471	120	141	674
2470	1417368	140	126	664
2471	1417707	140	188	661
2472	1417906	219	259	669
2473	1418166	160	255	659
2474	1418963	140	1016	1016
2475	1419522	100	405	732
2476	1421256	120	291	663
2477	1421396	120	267	695
2478	1421814	100	253	689
2479	1422652	100	254	679
2480	1424745	120	294	691
2481	1425403	140	292	695
2482	1425563	179	310	691
2483	1426041	100	286	702
2484	1427237	100	344	725
2485	1427437	140	299	685
2486	1429251	199	320	685
2487	1430627	100	355	683
2488	1430886	120	359	720
2489	1432002	100	884	1003
2490	1432461	100	886	983
2491	1434116	120	867	646
2492	1435392	100	85	647
2493	1435990	160	114	660
2494	1436508	140	765	672
2495	1437545	219	795	709
2496	1439040	100	756	673
2497	1439220	100	800	729
2498	1439339	100	772	703
2499	1441114	179	82	316
2500	1441612	259	269	308
2501	1442091	120	64	281
2502	1442410	120	265	252
2503	1442709	140	242	244
2504	1442968	179	55	257
2505	1445580	100	431	250
2506	1445779	219	434	253
2507	1446776	160	419	269
2508	1448072	179	268	237
2509	1448570	120	68	236
2510	1450165	120	732	669
2511	1450504	100	131	668
2512	1450764	199	87	692
2513	1450983	100	119	679
2514	1451202	100	125	666
2515	1451461	100	642	899
2516	1451661	120	775	625
2517	1451860	140	774	630
2518	1452757	419	264	248
2519	1453575	160	304	227
2520	1454053	179	60	251
2521	1454552	100	259	236
2522	1456545	140	739	597
2523	1456725	100	741	617
2524	1456984	140	707	603
2525	1457462	179	766	620
2526	1457722	100	769	616
2527	1457941	199	804	644
2528	1458998	120	784	674
2529	1459815	120	844	699
2530	1460094	319	771	679
2531	1460633	199	792	690
2532	1460992	199	843	703
2533	1461510	120	154	713
2534	1461689	120	140	710
2535	1461988	120	133	654
2536	1462427	100	135	695
2537	1464680	100	832	672
2538	1465876	100	158	627
2539	1466036	140	173	660
2540	1466654	100	141	503
2541	1466833	100	746	676
2542	1466973	140	803	713
2543	1467312	100	780	711
2544	1467491	140	786	704
2545	1468468	140	131	703
2546	1468827	120	133	696
2547	1468966	199	136	706
2548	1469226	100	131	700
2549	1469345	259	129	719
2550	1469824	100	121	739
2551	1470143	180	165	754
2552	1470641	120	119	769
2553	1470821	199	198	767
2554	1471319	120	148	781
2555	1471478	120	134	755
2556	1471917	100	778	657
2557	1472296	100	745	627
2558	1472456	120	756	642
2559	1473373	140	772	668
2560	1473811	120	776	646
2561	1474011	179	829	628
2562	1475546	199	135	756
2563	1475785	199	132	756
2564	1476224	140	776	733
2565	1476463	160	758	725
2566	1477739	120	794	768
2567	1479075	239	812	775
2568	1479952	100	795	848
2569	1480750	139	801	838
2570	1480929	100	826	843
2571	1481547	100	828	838
2572	1481966	120	838	861
2573	1482245	279	848	858
2574	1482903	180	815	830
2575	1483900	100	801	753
2576	1485734	140	793	784
2577	1485973	100	810	805
2578	1486790	100	97	674
2579	1487887	179	101	651
2580	1488206	120	131	656
2581	1488386	140	115	644
2582	1488924	140	117	646
2583	1489123	180	125	643
2584	1489342	180	131	658
2585	1489941	160	799	689
2586	1491217	120	783	719
2587	1491376	179	763	690
2588	1491635	319	746	647
2589	1492174	100	725	623
2590	1493789	120	766	614
2591	1494387	100	791	619
2592	1495124	120	723	599
2593	1495424	120	765	600
2594	1497617	140	760	636
2595	1501644	100	110	586
2596	1502242	100	758	657
2597	1502701	160	769	637
2598	1503179	100	754	677
2599	1503698	140	821	696
2600	1504555	100	818	705
2601	1504674	239	798	728
2602	1504934	140	807	725
2603	1505153	180	854	722
2604	1505731	100	781	708
2605	1506947	120	145	832
2606	1507406	120	134	739
2607	1507605	239	125	675
2608	1508542	120	114	658
2609	1509400	159	770	647
2610	1509579	140	757	610
2611	1509978	140	772	677
2612	1510436	100	781	686
2613	1510576	100	826	693
2614	1510895	259	801	687
2615	1512530	179	132	690
2616	1512749	180	144	691
2617	1514065	100	740	676
2618	1515122	100	722	576
2619	1516059	100	723	669
2620	1516358	100	724	643
2621	1516677	120	750	681
2622	1517414	179	768	696
2623	1518212	139	722	693
2624	1518810	179	751	713
2625	1519548	299	759	715
2626	1519867	120	729	714
2627	1520166	219	778	700
2628	1520405	100	773	709
2629	1520824	120	766	686
2630	1520963	179	779	711
2631	1522120	159	789	750
2632	1522319	199	800	766
2633	1522598	140	792	801
2634	1522758	139	789	797
2635	1523097	179	797	829
2636	1523954	120	763	833
2637	1524991	179	778	854
2638	1525330	179	761	854
2639	1525649	219	783	847
2640	1525928	239	755	848
2641	1526287	120	788	868
2642	1526426	140	803	875
2643	1526586	140	776	878
2644	1527503	100	799	886
2645	1527802	259	783	895
2646	1528958	100	819	869
2647	1529377	598	788	708
